2 0.8815230171415237 0.5472011277686952 0.2369539657169526 0.42761997122868667
1 0.8608594538564195 0.5914276868069951 0.278281092287161 0.8171446263860097
2 0.664673723402153 0.6322813611827227 0.21208608152531538 0.45419110490511
2 0.13885100477576517 0.5289563889505516 0.25213666456634953 0.5127607148553428
2 0.4036721925630121 0.5977350808489343 0.24414803836661642 0.4621727810458458
1 0.4122019940154187 0.600809423758553 0.2565049892272631 0.7910435931448401
1 0.1320147922716792 0.5314346551416894 0.2640295845433584 0.7706658861168887
1 0.2536454757652198 0.5736992687963136 0.24071437978841523 0.7241136396607127
1 0.6728153684573078 0.648294232491218 0.25240837757617784 0.7034115350175639
1 0.5345006729894942 0.6414228591449629 0.20514546967847586 0.7171542817100741
