0 0.47083336114883423 0.264411024749279 0.0549999475479126 0.06766916811466217
0 0.1941666603088379 0.26942355185747147 0.07166671752929688 0.11779449880123138
2 0.6633333265781403 0.3546365797519684 0.06333333253860474 0.18295741081237793
1 0.4716666638851166 0.3934836983680725 0.08333331346511841 0.31578946113586426
2 0.5908333361148834 0.403508797287941 0.061666667461395264 0.20551380515098572
2 0.4633333086967468 0.4047619104385376 0.05666661262512207 0.18796992301940918
2 0.9808333218097687 0.4185463637113571 0.038333356380462646 0.2005012333393097
1 0.6649999916553497 0.42105263471603394 0.07999998331069946 0.4661654233932495
2 0.17500001192092896 0.44486215710639954 0.10000002384185791 0.23308271169662476
0 0.7291666567325592 0.448621541261673 0.05500000715255737 0.0952380895614624
1 0.585833340883255 0.4611528813838959 0.08166664838790894 0.4862155318260193
0 0.8675000071525574 0.47869673371315 0.06833326816558838 0.10526317358016968
1 0.19333332777023315 0.5137844532728195 0.12666666507720947 0.6165412962436676
1 0.7574999928474426 0.5939849764108658 0.10166668891906738 0.35588976740837097
1 0.8816666603088379 0.6228070259094238 0.14666664600372314 0.38345861434936523
0 0.6725000143051147 0.22180450707674026 0.04166674613952637 0.06265662610530853
0 0.5808333456516266 0.2493734434247017 0.05166667699813843 0.07268171012401581
