0 0.29615384340286255 0.21809624135494232 0.15999996662139893 0.1537657082080841
0 0.5238461494445801 0.27039747685194016 0.13846158981323242 0.1223849207162857
0 0.9103846251964569 0.3169456124305725 0.05769234895706177 0.052301228046417236
0 0.7330769300460815 0.3274058699607849 0.039999961853027344 0.052301228046417236
2 0.7388461828231812 0.3791840970516205 0.04384613037109375 0.08891212940216064
1 0.7307692170143127 0.411610871553421 0.06307685375213623 0.2039749026298523
2 0.8926922976970673 0.42416319251060486 0.07307690382003784 0.14121335744857788
1 0.8961538374423981 0.46914225816726685 0.10153847932815552 0.383891224861145
1 0.5192307829856873 0.4869246780872345 0.252307653427124 0.5700836777687073
1 0.23807692527770996 0.5083681792020798 0.29461538791656494 0.7552300989627838
2 0.5123077034950256 0.5648535341024399 0.23076927661895752 0.29288700222969055
2 0.23653846979141235 0.6474895477294922 0.26384615898132324 0.49372386932373047
