0 0.6583499177781693 0.3789209404631613 0.03495852238985642 0.042681225436495884
0 0.732971412343363 0.37427654901751983 0.040856188808774285 0.04432902292876245
0 0.3090982969624867 0.46886297451102754 0.04873668042027318 0.04405020793583703
0 0.1605752043369062 0.5209566862815276 0.060719307545332224 0.05443258341591867
2 0.6715484809383105 0.49005109819952686 0.08802625289223509 0.16556162301098415
2 0.753602438639444 0.48975578377320683 0.0953812990133257 0.17339228460842732
1 0.6688471075863294 0.5190607487200152 0.10390145037086918 0.34550776919262227
2 0.3225677034755992 0.5936411685043539 0.13655225461145526 0.1864686918095083
1 0.7588481128222445 0.5115494339291435 0.1246391375046485 0.39573012262617463
2 0.18098497029023922 0.6411880515710133 0.13510753343889748 0.19359937610323352
1 0.32538270696238514 0.6263853150521317 0.15154603407876097 0.4053766657730994
1 0.19009178856716213 0.6824109226553359 0.1476399413740086 0.39397417420540626
