0 0.115234375 0.24791666865348816 0.2210937738418579 0.18333333730697632
0 0.33085936307907104 0.24947915971279144 0.1382812261581421 0.15312501788139343
0 0.4828125238418579 0.3229166567325592 0.15156245231628418 0.17500001192092896
0 0.8472656011581421 0.32499998807907104 0.13671875 0.11041665077209473
0 0.621874988079071 0.33645832538604736 0.109375 0.13333332538604736
0 0.70703125 0.40052083134651184 0.10000002384185791 0.10104167461395264
1 0.107421875 0.565625011920929 0.21484375 0.8687499761581421
1 0.2890625 0.5895833373069763 0.2265625 0.8208333253860474
2 0.2816406488418579 0.6052083522081375 0.1585937738418579 0.37916669249534607
1 0.47382813692092896 0.6166666746139526 0.19140625 0.75
1 0.8824218809604645 0.6416666656732559 0.23359376192092896 0.7166666686534882
