0 0.3399077966794485 0.3031647960697183 0.17434374356720916 0.21118299074765193
0 0.6284665283909208 0.37237387237658515 0.09298067809600186 0.11120907555604459
0 0.17983469207808375 0.37374009467415403 0.12484687369545606 0.15156965770488784
0 0.8359453136448804 0.4730661910301503 0.18751772472009964 0.19896275783964745
2 0.6225670097934284 0.538002740529718 0.09514248211586651 0.19919298319987638
1 0.5089214570540014 0.5451081831787183 0.09864853831960013 0.3655607060190986
1 0.3118849651745361 0.5894244348897638 0.3815919233933917 0.808772180960621
1 0.6186287038766662 0.6593121819400913 0.1806487260394034 0.6813756361198174
1 0.8110077594548506 0.6870386697081969 0.2441841999815807 0.6259226605836061
2 0.27789645409703373 0.6888111020751905 0.275900583413895 0.5274328433653879
2 0.8079027983539943 0.7702622194182075 0.18595383791962838 0.3266572756411581
