2 0.4281250238418579 0.5272277146577835 0.1937500238418579 0.4900990426540375
2 0.6578124761581421 0.5767327100038528 0.140625 0.6188119351863861
2 0.19843751192092896 0.5990098863840103 0.21562504768371582 0.5544554889202118
2 0.854687511920929 0.6064356416463852 0.265625 0.5297029316425323
0 0.840624988079071 0.0891089141368866 0.28125 0.1782178282737732
0 0.659375011920929 0.09653465822339058 0.125 0.15346535295248032
0 0.2406250238418579 0.12128712609410286 0.1875 0.19306930154561996
0 0.4312499761581421 0.1435643546283245 0.13750004768371582 0.13861385732889175
1 0.8421874940395355 0.45049506425857544 0.29062503576278687 0.9009901285171509
1 0.2109375 0.4529702812433243 0.2718750238418579 0.8762376010417938
1 0.643750011920929 0.45792078971862793 0.1499999761581421 0.896039605140686
1 0.42656245827674866 0.46039605140686035 0.21562498807907104 0.7722772359848022
