0 0.59814453125 0.16398243606090546 0.0712890625 0.05563691258430481
0 0.53515625 0.17423133552074432 0.060546875 0.07613471150398254
0 0.73779296875 0.2166910618543625 0.0537109375 0.0907759964466095
2 0.60888671875 0.29136162996292114 0.0654296875 0.16398245096206665
2 0.33349609375 0.29282575845718384 0.1162109375 0.21961933374404907
2 0.5283203125 0.30673497915267944 0.078125 0.1800878643989563
2 0.08056640625 0.3338213786482811 0.0927734375 0.34553439915180206
2 0.86865234375 0.3352855145931244 0.1552734375 0.29282575845718384
1 0.330078125 0.37920935451984406 0.146484375 0.5856514871120453
1 0.61083984375 0.3857979327440262 0.0810546875 0.4875548779964447
1 0.51904296875 0.3982430249452591 0.1103515625 0.5300146043300629
1 0.74267578125 0.41874082386493683 0.1025390625 0.5095168054103851
1 0.10009765625 0.41947290301322937 0.1181640625 0.7569546103477478
1 0.86572265625 0.44875551760196686 0.1337890625 0.748169869184494
0 0.0771484375 0.08638360351324081 0.08203125 0.06442166864871979
0 0.8505859375 0.11127379164099693 0.08203125 0.06734991818666458
0 0.32666015625 0.12591507658362389 0.0634765625 0.0614934042096138
