0 0.15815577355522814 0.2724374928178592 0.16162358319009287 0.21693251574834663
0 0.6009042994353945 0.4439584727207202 0.14833518834331216 0.22078122129775601
1 0.3944989220820021 0.4338801248769894 0.22354516637237393 0.8677602497539788
1 0.8452431121993228 0.4838655202012488 0.29941203955136686 0.8756941092861977
2 0.8262069136627435 0.5557374990834079 0.1976101062628698 0.5247269556430683
2 0.3708870476130241 0.5432236606150285 0.2570772759255101 0.6424655148654889
1 0.1266841443214836 0.56361327640082 0.2533682886429672 0.8057000679751856
1 0.5915638976553598 0.6673408024349309 0.23723438261731117 0.6653183951301382
0 0.40767864201884174 0.08720402554693203 0.15770041180687588 0.17440805109386406
0 0.862689064401654 0.1361116112634687 0.14916794609693207 0.1896381955071509
