0 0.24700983895522188 0.2303745473829212 0.04283811111646174 0.06975667977365102
0 0.824285362403641 0.09339455006706676 0.038486791345223925 0.04948085590721678
0 0.2815223148999133 0.23708274976762442 0.04067972128231545 0.05002045738606559
0 0.47484967285052826 0.19795653560030685 0.04177615684161373 0.050290250888927995
0 0.719710529803697 0.14614975881416287 0.041039393566803306 0.05330980840933133
0 0.397802080943763 0.22958224625796791 0.0404998557308241 0.04837577463787071
0 0.9106565299590488 0.11098739390039108 0.04103939678305324 0.05330983781857866
2 0.8112941340387291 0.1599265818331352 0.06121161849302559 0.12069007433426969
2 0.47207763785609436 0.2704187112365518 0.04262367283652824 0.08730858128838351
0 0.503228085580123 0.2669760552956517 0.0771707199015369 0.09100809881288377
1 0.2538742378405469 0.3291775728025843 0.08291637296117435 0.25086407367911273
2 0.29882894863995146 0.31811582932492793 0.06450104602415979 0.12149951319835217
2 0.9208707264244185 0.17349835089498777 0.06451828666638504 0.11190119550742188
1 0.8177052587258202 0.20310602128331393 0.10319216259398645 0.26065449181396455
2 0.7186472028438076 0.23423642417653978 0.07819816348268727 0.12967115584290537
1 0.923226220040094 0.1847413292771774 0.09213408745026785 0.20832028581399373
1 0.7148736333657444 0.2512099361541981 0.1154158123213882 0.27486526397244837
1 0.304430675933144 0.35389417435129433 0.09307517434155615 0.2949748362973623
2 0.4010986948802863 0.33179658753306573 0.07943992127428223 0.15078222359345195
0 0.1858975756696704 0.39741693084196916 0.088083472812959 0.12250103056517042
1 0.4069234489530903 0.343874846445177 0.11644322166891652 0.31352826965203706
2 0.5195958358297151 0.4166423249595572 0.13764563393824686 0.2147177451406807
1 0.5319044532491889 0.4828602805946924 0.18787270656937455 0.547161998947639
2 0.15516451348085583 0.5848516568349974 0.19502832704196787 0.3296643852943571
1 0.16233325493242506 0.6523496975731371 0.28171190230324306 0.6953006048537258
