0 0.513000026345253 0.4573333263397217 0.062000006437301636 0.0506666898727417
0 0.5860000252723694 0.46666666865348816 0.0559999942779541 0.0533333420753479
0 0.6660000085830688 0.5106666684150696 0.059999942779541016 0.0506666898727417
0 0.42800000309944153 0.5213333368301392 0.0559999942779541 0.0559999942779541
0 0.7480000257492065 0.5320000052452087 0.059999942779541016 0.0506666898727417
2 0.5189999938011169 0.6706666946411133 0.09000003337860107 0.25333333015441895
2 0.597000002861023 0.6786666512489319 0.06200003623962402 0.23199999332427979
2 0.6790000200271606 0.6880000233650208 0.09000003337860107 0.23466670513153076
2 0.40700000524520874 0.7106666564941406 0.06999999284744263 0.20000004768371582
1 0.5099999904632568 0.7120000123977661 0.12800002098083496 0.5759999752044678
1 0.5989999771118164 0.7146666646003723 0.09399998188018799 0.5706666707992554
2 0.7710000276565552 0.7173333168029785 0.0820000171661377 0.2239999771118164
1 0.6840000152587891 0.7413333207368851 0.10000002384185791 0.5173333585262299
1 0.4009999930858612 0.7453333288431168 0.12599998712539673 0.5093333423137665
1 0.7649999856948853 0.7506666779518127 0.10599994659423828 0.4880000352859497
