0 0.40437501668930054 0.22795496881008148 0.03624999523162842 0.050656646490097046
2 0.40187501907348633 0.35084426403045654 0.06624996662139893 0.1350843906402588
0 0.26625001430511475 0.3799249529838562 0.047500014305114746 0.06566601991653442
1 0.40562498569488525 0.3846153989434242 0.06875002384185791 0.3864915817975998
1 0.2718750238418579 0.5206378698348999 0.09124994277954102 0.30956852436065674
0 0.578125 0.5450281500816345 0.06124997138977051 0.07317078113555908
0 0.7587499916553497 0.6210131049156189 0.06999999284744263 0.09756100177764893
0 0.5049999952316284 0.6275797486305237 0.06749999523162842 0.0881800651550293
0 0.3475000262260437 0.6303939819335938 0.05750000476837158 0.09380865097045898
0 0.16062498092651367 0.6594746708869934 0.06375002861022949 0.0881800651550293
0 0.18312501907348633 0.7598499059677124 0.07124996185302734 0.10506570339202881
1 0.36250001192092896 0.7833020687103271 0.12749993801116943 0.3958723545074463
0 0.8737500011920929 0.8761726021766663 0.08250004053115845 0.10881805419921875
0 0.6393750011920929 0.9418386220932007 0.08125001192092896 0.11632275581359863
