0 0.379388259411346 0.27175421770454644 0.10896631054058648 0.13162218626433805
0 0.2079262516738871 0.34830565085103005 0.13929497257407036 0.19635187136570192
0 0.7296969261385189 0.29574816630027695 0.11797378471710118 0.16433883430888072
1 0.1554479320860895 0.5681917577482266 0.310895864172179 0.8636164845035469
2 0.22789067397919727 0.6370617140480231 0.20282744296510422 0.4495465010244812
2 0.44553849100275533 0.5597741750566817 0.2752837128756174 0.42612404512852925
2 0.1255878807072282 0.6969258970900033 0.2511757614144564 0.6061482058199934
1 0.2684012171300103 0.6232820135623444 0.2706639846980474 0.7534359728753113
1 0.4656823783570559 0.5830280547516407 0.3800758224811692 0.8339438904967188
1 0.7712089060272592 0.5597767538301921 0.3089950816806337 0.7401005392634894
2 0.7847222754110617 0.6136464967386739 0.250667816373628 0.47019792617545203
0 0.0940126607033977 0.2665790276814232 0.1880253214067954 0.2518610973847347
