0 0.2776377943371028 0.3018460377907302 0.0785916634589105 0.10917808925279246
2 0.7668360887215342 0.3956462148191662 0.18373067327778747 0.4219899373271232
2 0.3098406831206767 0.5393612857857907 0.13363978503888807 0.2970337111424562
1 0.7609265360070221 0.4884028012536417 0.36170417558788337 0.9768056025072834
0 0.6023058335030571 0.5434925131072827 0.03147798940284552 0.044195411133447826
0 0.5220143584796852 0.5626208862369153 0.021783100675813682 0.032186164540550566
1 0.2806234365404221 0.6134537794648846 0.3120133142003035 0.7620514344359779
2 0.6132040177809128 0.6133388391262312 0.06044134643436572 0.1008845222652861
2 0.5211767544169776 0.6318301593364786 0.04938585174345328 0.09381157377527072
1 0.5198587789903828 0.6493232430782747 0.0856999406183766 0.22156775292625785
1 0.6128156069076464 0.6426255772475478 0.0821164557127616 0.26490084614231535
0 0.687312940345542 0.10517718568355572 0.12933811824990393 0.19805332792233826
