0 0.9372670008578763 0.1401792077186972 0.04072989159716178 0.05925006849188352
0 0.7658460392419104 0.16314949897995773 0.07672502643887436 0.05583006739517285
0 0.27962560087502397 0.18660691503459856 0.08904526736278168 0.08609918621529844
2 0.9424436516729228 0.24820781267907507 0.08933067095363567 0.15470159305967396
1 0.9369500825777277 0.25872987253769975 0.08792175660208579 0.30409753683099316
2 0.7775364766864653 0.29909349529946083 0.08059544669252205 0.1727162503071315
2 0.2544499398314639 0.3545659356230093 0.10622235037512825 0.241490806462544
1 0.7646341522637268 0.3494770728814845 0.13156969013657516 0.44435880991804233
1 0.26914764932607965 0.4298173390159131 0.15111436659727215 0.5732455649829715
2 0.4913793723884675 0.7261890834762756 0.09107888334451092 0.1916378175472372
