0 0.7431640625 0.15294118598103523 0.14453125 0.15294118970632553
0 0.31396484375 0.25294119119644165 0.1435546875 0.16764706373214722
0 0.43798828125 0.26323530077934265 0.1044921875 0.15882354974746704
0 0.60400390625 0.2977941110730171 0.1591796875 0.1779411882162094
1 0.80224609375 0.5367646962404251 0.2568359375 0.9264706075191498
1 0.29345703125 0.584558829665184 0.2919921875 0.830882340669632
2 0.79248046875 0.6058823317289352 0.2373046875 0.5117646753787994
1 0.6064453125 0.6080882400274277 0.232421875 0.7838235199451447
2 0.29296875 0.7367647141218185 0.265625 0.5264705717563629
2 0.5986328125 0.7485294193029404 0.21484375 0.5029411613941193
