0 0.2788558602333069 0.4317876398563385 0.08392131328582764 0.13776880502700806
0 0.33820563554763794 0.4704301208257675 0.11643147468566895 0.1276881992816925
0 0.9242691695690155 0.4838709682226181 0.11869961023330688 0.1411290466785431
0 0.09992438554763794 0.4922715127468109 0.1343245506286621 0.14448922872543335
0 0.3860887289047241 0.6149193644523621 0.15171372890472412 0.1948925256729126
0 0.20829135179519653 0.6149193644523621 0.14440524578094482 0.17473113536834717
1 0.8889868855476379 0.6881720423698425 0.21950602531433105 0.6236559152603149
2 0.9154485762119293 0.6905242204666138 0.1665826439857483 0.3057795763015747
1 0.08984375 0.7056451588869095 0.1645665168762207 0.5779570043087006
1 0.38986900448799133 0.7459677457809448 0.23991936445236206 0.5040322542190552
1 0.21333163976669312 0.7543683052062988 0.17464721202850342 0.4805107116699219
2 0.09866434335708618 0.7543683052062988 0.1469254493713379 0.3326612710952759
2 0.21585184335708618 0.855174720287323 0.154485821723938 0.26545703411102295
2 0.40120965242385864 0.8881048560142517 0.18195569515228271 0.22379028797149658
