0 0.3305555582046509 0.539814829826355 0.034722208976745605 0.03518521785736084
0 0.27222222089767456 0.5425925850868225 0.03333336114883423 0.03333330154418945
0 0.5694444179534912 0.5439814925193787 0.03750002384185791 0.03425920009613037
0 0.652430534362793 0.5444444417953491 0.03819441795349121 0.03333330154418945
0 0.4086805582046509 0.5541666746139526 0.03125 0.037962913513183594
0 0.453125 0.5694444179534912 0.025694429874420166 0.027777791023254395
0 0.4868055582046509 0.5699074268341064 0.052777767181396484 0.03425931930541992
2 0.2649305462837219 0.625 0.0451388955116272 0.11296296119689941
2 0.566319465637207 0.6273148059844971 0.059027791023254395 0.11574077606201172
2 0.3201389014720917 0.6287037134170532 0.052777767181396484 0.12037038803100586
2 0.6722221970558167 0.6328703761100769 0.07638883590698242 0.10648143291473389
2 0.4020833373069763 0.6435185074806213 0.052777767181396484 0.13148152828216553
2 0.4416666626930237 0.6499999761581421 0.026388883590698242 0.10925924777984619
2 0.482638880610466 0.6717592477798462 0.05972221493721008 0.13055551052093506
1 0.566319465637207 0.6717592477798462 0.0618056058883667 0.29907405376434326
1 0.2604166567325592 0.6722221970558167 0.056944429874420166 0.3055555820465088
1 0.3204860985279083 0.6782407164573669 0.059027791023254395 0.3194444179534912
1 0.6656249761581421 0.6847222447395325 0.07291662693023682 0.315740704536438
1 0.4454860985279083 0.6921296119689941 0.03819441795349121 0.27314817905426025
1 0.3993055522441864 0.6953703761100769 0.06527775526046753 0.32592594623565674
1 0.49166667461395264 0.7157407402992249 0.07916665077209473 0.32407402992248535
