0 0.29487502574920654 0.6291713714599609 0.187250018119812 0.2542182207107544
0 0.6161249876022339 0.7037870287895203 0.11224997043609619 0.16422951221466064
0 0.4246249794960022 0.7274090647697449 0.053750038146972656 0.08098983764648438
1 0.22662502527236938 0.7420322448015213 0.3297499418258667 0.5159355103969574
1 0.6408750116825104 0.8085864186286926 0.1977500319480896 0.38282716274261475
1 0.41862499713897705 0.8389576077461243 0.10175001621246338 0.32208478450775146
1 0.5011250078678131 0.8535807728767395 0.11974996328353882 0.292838454246521
2 0.41337502002716064 0.8772028684616089 0.09124994277954102 0.24559426307678223
2 0.5026249885559082 0.8828271627426147 0.12275004386901855 0.2343456745147705
2 0.21987497806549072 0.8850768804550171 0.3372499942779541 0.22984623908996582
2 0.6476249992847443 0.904199481010437 0.17524999380111694 0.19160103797912598
