0 0.87158203125 0.20807453989982605 0.0517578125 0.06418219208717346
0 0.35009765625 0.2132505178451538 0.0458984375 0.06211179494857788
0 0.701171875 0.22877845913171768 0.056640625 0.05590061843395233
0 0.44384765625 0.2370600402355194 0.0556640625 0.055900633335113525
0 0.20703125 0.2380952313542366 0.046875 0.07039336860179901
0 0.5146484375 0.24534161388874054 0.046875 0.07246378064155579
0 0.03515625 0.26708075404167175 0.048828125 0.0703933835029602
0 0.599609375 0.2732919156551361 0.048828125 0.0703933835029602
0 0.28076171875 0.29192546010017395 0.0517578125 0.0703933835029602
0 0.1162109375 0.3219461739063263 0.046875 0.0724637508392334
2 0.78564453125 0.4296066164970398 0.0810546875 0.3209109306335449
2 0.357421875 0.45652174949645996 0.087890625 0.2712215185165405
2 0.5205078125 0.4616977274417877 0.078125 0.2732918858528137
2 0.21142578125 0.47101449966430664 0.0888671875 0.2877846956253052
2 0.70263671875 0.4772256463766098 0.0791015625 0.2753622829914093
2 0.44580078125 0.48033127188682556 0.0810546875 0.3478260636329651
2 0.6083984375 0.4865424335002899 0.087890625 0.2525879740715027
2 0.8662109375 0.49275362491607666 0.046875 0.3188406229019165
2 0.95166015625 0.49585919082164764 0.0966796875 0.3706003725528717
2 0.28125 0.4989648163318634 0.064453125 0.2484472393989563
2 0.037109375 0.5093167424201965 0.068359375 0.3105590343475342
2 0.12646484375 0.5341615080833435 0.0849609375 0.26501035690307617
1 0.791015625 0.5517598390579224 0.107421875 0.8964803218841553
1 0.94970703125 0.5641822069883347 0.1005859375 0.8716355860233307
1 0.3583984375 0.5848861336708069 0.1015625 0.8095238208770752
1 0.4501953125 0.5973085165023804 0.08984375 0.8012422323226929
1 0.70458984375 0.6004140824079514 0.0966796875 0.7991718351840973
1 0.2138671875 0.601449266076088 0.09765625 0.7971014678478241
1 0.5244140625 0.6045548766851425 0.087890625 0.790890246629715
1 0.041015625 0.6138716340065002 0.08203125 0.7722567319869995
1 0.6162109375 0.614906832575798 0.1015625 0.7701863348484039
1 0.279296875 0.6283643841743469 0.072265625 0.7432712316513062
1 0.12451171875 0.6387163549661636 0.0830078125 0.7225672900676727
0 0.775390625 0.1428571492433548 0.060546875 0.07867494225502014
0 0.8310546875 0.19254659116268158 0.05078125 0.06625258922576904
0 0.94140625 0.19358177483081818 0.083984375 0.09730848670005798
