0 0.8209999799728394 0.30533334612846375 0.1380000114440918 0.12000000476837158
0 0.2850000262260437 0.36800000071525574 0.12199997901916504 0.13866668939590454
1 0.4129999876022339 0.3773333579301834 0.16600000858306885 0.34933337569236755
0 0.5679999887943268 0.3799999952316284 0.13200002908706665 0.15733331441879272
1 0.2749999761581421 0.5853333473205566 0.18599998950958252 0.6000000238418579
1 0.80799999833107 0.6240000128746033 0.20800000429153442 0.7519999742507935
1 0.5789999961853027 0.6493333429098129 0.2539999485015869 0.7013333141803741
2 0.8219999969005585 0.6506666541099548 0.1839999556541443 0.4320000410079956
2 0.2630000114440918 0.6893333196640015 0.17400002479553223 0.36533331871032715
2 0.578000009059906 0.7333333492279053 0.2200000286102295 0.49066662788391113
0 0.4039999842643738 0.25866666436195374 0.08799993991851807 0.07466667890548706
