0 0.5815124480117887 0.29029910571048556 0.07212207539610271 0.10420200679881267
0 0.24886254847277445 0.44295588718203505 0.057836278996270224 0.0868086491395475
0 0.2947266252142607 0.4281529751814366 0.07215720964269379 0.11100265770541445
0 0.1550597258604922 0.48304907622782745 0.06696825933291921 0.10051527037225977
0 0.4736695518471463 0.37649576242477656 0.06907806270882033 0.0996331256250555
0 0.6359230572914905 0.3215963102166346 0.059323122230721115 0.08229242767554468
0 0.7606506686619363 0.31508816857677907 0.06755602750257983 0.09734867389389734
2 0.6159398911704628 0.4610456633694764 0.1276775980384639 0.2172783082283743
2 0.32804653046053156 0.5886722810638257 0.11346201735343925 0.21348625895635304
2 0.18855287559339906 0.6483446112528768 0.134699885502785 0.2318670899228098
2 0.5077680104838219 0.5415575940504667 0.12107195753702399 0.224908399595308
2 0.42472229733169153 0.5804031788027537 0.09955785406711731 0.21151119689157266
2 0.7221644247073249 0.48589753515905415 0.11501906640905013 0.22257128815439564
2 0.8010081848187466 0.4564234305849403 0.10080347583037774 0.21877918115717604
1 0.3437710302998205 0.6465302878766017 0.17024601981381343 0.5645845211320084
1 0.6313025736434376 0.5393846124666893 0.22012581192802871 0.6313534203813573
1 0.4242070289652309 0.6338766980099095 0.17089956912250215 0.515630553545267
1 0.19542398707066175 0.7149143983966845 0.19425161749833003 0.5701712032066311
1 0.5132376661544283 0.6111241924823282 0.20390121296185426 0.5894566644898473
1 0.7324588904767527 0.5497267577089208 0.1740137348525701 0.5338006919551095
