2 0.9175884705992253 0.23886739016551045 0.08052399717353831 0.13753445480283097
1 0.9170313120210557 0.3075335205926152 0.10078051052151005 0.38804192497469003
2 0.3462070695834093 0.333812757352388 0.03530374586576518 0.06491877265803686
1 0.34421808547607247 0.3633028747171624 0.05892314659639908 0.21758713069103164
1 0.4905731757024259 0.3679431741390927 0.06366993594015458 0.2079589429428989
0 0.765093938097889 0.5200621176567943 0.03693723572751295 0.06497643486461924
0 0.37724478619897384 0.5411081205363197 0.028231413036485076 0.030383936602419226
0 0.62380290113905 0.5777603317178046 0.03674502416531433 0.05272499275485132
1 0.36663654419769687 0.5941932903994313 0.09545647818301001 0.15275524036202626
2 0.36295634633042123 0.6200655858119877 0.07022306673738887 0.10533454192024472
2 0.784148933493674 0.6407465929856577 0.07912110286035967 0.15217860146850581
1 0.5941304689154032 0.6658416468582341 0.10147195957662647 0.22398697889295138
1 0.7772785513325369 0.6716348047281084 0.10689172151100756 0.36131926533430975
2 0.5764691439132926 0.6860783625926292 0.061113855325617195 0.14909403788517017
0 0.892306877291156 0.13801599205617368 0.038417015553699696 0.05523292165159073
