0 0.8857421875 0.3651026487350464 0.046875 0.07331377267837524
0 0.6943359375 0.4369501322507858 0.095703125 0.1671554148197174
2 0.8994140625 0.47653956711292267 0.072265625 0.12609967589378357
0 0.423828125 0.5087976455688477 0.017578125 0.02639293670654297
1 0.89453125 0.5278592109680176 0.091796875 0.4164222478866577
2 0.4169921875 0.5469208359718323 0.029296875 0.04985332489013672
1 0.279296875 0.5689149498939514 0.044921875 0.15249264240264893
2 0.498046875 0.5696480870246887 0.0234375 0.04545450210571289
1 0.4189453125 0.5777125805616379 0.046875 0.1818181574344635
1 0.4970703125 0.5945748090744019 0.03515625 0.12463343143463135
1 0.68408203125 0.609237551689148 0.2216796875 0.5175952911376953
