0 0.20504381309283876 0.2709149016353561 0.07473445572329351 0.12926848027805746
0 0.45379215135384804 0.2666907278998618 0.04686027025829187 0.08016343255976549
0 0.5206785833512957 0.26706945991757125 0.060648298881228746 0.0856828148359074
0 0.2901026094296668 0.27705282727901054 0.06959596634646165 0.11134282777699192
1 0.5896186382371991 0.29022738705478873 0.05672213715825081 0.22255993801083288
0 0.6327779107276537 0.2939106135425834 0.05193913417799967 0.09047585226647337
1 0.3708775499643746 0.3747112076252578 0.11929612296038616 0.394566615088426
1 0.5316015063463599 0.38475199085338807 0.09745248418606567 0.31774805864414324
1 0.44608668421820635 0.4002051353149157 0.09648092634051009 0.35323625274490766
1 0.6318571740917014 0.415783169299976 0.09009256567633639 0.3352701541905564
2 0.36690062581208427 0.4256074218032653 0.07896095311458418 0.19029555774993384
2 0.5294794237213273 0.4330499534987744 0.08423856941375413 0.22598552936586874
1 0.28952968887433117 0.44333602438116315 0.08594783644648912 0.4442320377464643
2 0.28463963903831957 0.45745503813613375 0.06422124125392042 0.22280204430938078
2 0.44846830765146206 0.46485722807329943 0.07933858209879546 0.23851283784078903
2 0.6365893553955955 0.46132141100873647 0.10058590507112719 0.23919885582729883
2 0.1939079899732645 0.525113679234211 0.11253013401213191 0.3283833258388843
2 0.07463746918361848 0.5403875324330896 0.12411660927688453 0.37188827989010403
0 0.4953186397890207 0.5407653955819711 0.06828647006874972 0.10368920852645835
0 0.5884914790808533 0.5453722011551663 0.05449850127629974 0.09816985797318273
0 0.37732780266521304 0.5598055532182399 0.06453697726795954 0.10356811260366339
1 0.8261105311901377 0.5567377231039737 0.12749539295981283 0.8033057981888715
1 0.7330668512514202 0.5686263406432815 0.0984508972697935 0.7643113926621168
1 0.0813338946707037 0.5972851032462326 0.12743576773606563 0.7956925951930687
0 0.305135105078424 0.6002124090484338 0.06465622911571511 0.11879469738659854
1 0.19771824152094924 0.6066846505051737 0.13245500573189553 0.7866306989896525
0 0.7174946777354767 0.6554344683440833 0.06622398356904013 0.15943903789498415
1 0.3768045698546777 0.7324330935998669 0.09844630404684834 0.44463561152470543
1 0.49191923029017437 0.7442586171820448 0.10648191946267643 0.5114827656359104
1 0.6088191988236915 0.746517980789835 0.11761126474475747 0.4985336351521423
1 0.2746355090509919 0.7716158791806917 0.13860021081401022 0.4567682416386164
0 0.6474867061351628 0.1766696565724627 0.05072907357044032 0.09551099599558724
0 0.5256767831842178 0.18694872173769253 0.046919895715416216 0.0877766653541232
0 0.6883152660310063 0.2020044694039706 0.04934013612475463 0.07770638174451816
0 0.816533364715188 0.21182562802290272 0.08588361706628911 0.11694293441903036
0 0.5878718876348401 0.22682398313356167 0.048149891228044694 0.08527928767980988
0 0.38107276131506995 0.23984724400222246 0.06949659039010747 0.09865408162093328
0 0.0780556203505884 0.2585156325644196 0.08116256630325502 0.15231001769772232
