0 0.1859375238418579 0.20277777314186096 0.06093752384185791 0.07777777314186096
0 0.47578126192092896 0.2430555522441864 0.046875 0.08611112833023071
0 0.3335937261581421 0.2666666805744171 0.04375004768371582 0.07222223281860352
0 0.6039062440395355 0.27916666865348816 0.050000011920928955 0.06388890743255615
0 0.7210937142372131 0.284722201526165 0.04062497615814209 0.0694444328546524
2 0.1820312738418579 0.34166666865348816 0.10625004768371582 0.19999998807907104
2 0.2914062738418579 0.3847222328186035 0.08124995231628418 0.1638888716697693
2 0.48359373211860657 0.4263888895511627 0.10624998807907104 0.15833336114883423
1 0.29765623807907104 0.4277777597308159 0.11562502384185791 0.3999999910593033
1 0.17265623807907104 0.44305558502674103 0.15937495231628418 0.547222226858139
1 0.59765625 0.44583332538604736 0.08437502384185791 0.4194444417953491
2 0.7164062559604645 0.5111111253499985 0.14375001192092896 0.1388888657093048
1 0.46953126788139343 0.5222222208976746 0.14375001192092896 0.3722221851348877
0 0.84375 0.5833333134651184 0.06093752384185791 0.17222225666046143
1 0.7265625 0.6638888716697693 0.2859375476837158 0.46666669845581055
