2 0.46515150368213654 0.35982339084148407 0.11515149474143982 0.31346574425697327
2 0.8893939256668091 0.364238403737545 0.1757575273513794 0.28697569668293
2 0.7545454502105713 0.37748345732688904 0.10000002384185791 0.21633553504943848
2 0.14924243092536926 0.40176600217819214 0.15909090638160706 0.2869757413864136
1 0.17348484322428703 0.4988962411880493 0.24090907722711563 0.8211920261383057
1 0.8492424488067627 0.4988962560892105 0.3015151023864746 0.9668874442577362
1 0.47121211886405945 0.5011037737131119 0.21212118864059448 0.8830022513866425
0 0.771212100982666 0.0673289131373167 0.08181822299957275 0.09050771966576576
0 0.5121212154626846 0.13024282455444336 0.08787879347801208 0.13686534762382507
0 0.1515151560306549 0.14900662004947662 0.0939393937587738 0.10375276207923889
0 0.7545454502105713 0.17328917607665062 0.10606062412261963 0.13907284289598465
