0 0.5291272222948852 0.20942965528942775 0.07655502353053345 0.09565058392136438
0 0.30244455315185703 0.3065908669886072 0.0706396049149714 0.1209145249101268
0 0.6366568708259706 0.2415254775398637 0.08166040788946127 0.12028333859011567
0 0.11214679423759145 0.3855910503096672 0.08032022192756658 0.11634529372106422
0 0.38467754062433285 0.31361830448852573 0.08263545693882268 0.10801584663148789
0 0.48235655493380813 0.297786469284234 0.07785009483818545 0.12284351926913867
2 0.3002566791915727 0.5047462874760615 0.13655886165043682 0.30499779009590733
2 0.6578005845418047 0.4353117962326736 0.13963907520509788 0.27002655359580063
2 0.38380223394152085 0.5086135256532047 0.15428001500261967 0.32405678832057633
2 0.13434808950412797 0.5856488533182769 0.1563851143304358 0.30135295433457027
2 0.5141884373066353 0.4933951616519525 0.1357837591451358 0.2958415826138005
1 0.3998031975322247 0.624715989536977 0.19622225375130392 0.7505680209260459
1 0.6755291097713079 0.5700852640302709 0.2064780229832579 0.797990661134035
1 0.15019398793554897 0.6558154068196373 0.20647790510123123 0.6883691863607253
1 0.5237764547954619 0.613902181216703 0.2092030982214909 0.7721956375665939
