1 0.13300000131130219 0.30389223247766495 0.085999995470047 0.3802395313978195
2 0.8019999861717224 0.3083832263946533 0.08399999141693115 0.19161677360534668
1 0.6570000052452087 0.3203592970967293 0.09399998188018799 0.3772455304861069
1 0.9129999876022339 0.3368263691663742 0.10599994659423828 0.5059880316257477
2 0.46399998664855957 0.3488023951649666 0.13600003719329834 0.33233533799648285
1 0.8059999942779541 0.3652694597840309 0.12000000476837158 0.49101798236370087
1 0.482000008225441 0.48353295028209686 0.20000001788139343 0.9191617071628571
0 0.47600002586841583 0.071856290102005 0.08000001311302185 0.08383233845233917
0 0.8980000019073486 0.11077844351530075 0.05200004577636719 0.06586827337741852
0 0.1289999894797802 0.1422155648469925 0.037999995052814484 0.050898194313049316
0 0.8019999861717224 0.15568862855434418 0.05200004577636719 0.06586825847625732
0 0.6570000052452087 0.16167664527893066 0.046000003814697266 0.04790419340133667
0 0.07100000232458115 0.163173645734787 0.02199999988079071 0.03293412923812866
0 0.33399999141693115 0.1646706610918045 0.03200000524520874 0.035928159952163696
0 0.22200000286102295 0.16616766154766083 0.02799999713897705 0.03293412923812866
0 0.28200000524520874 0.16916167736053467 0.02399998903274536 0.02694609761238098
2 0.2240000069141388 0.22754491120576859 0.04399999976158142 0.08982037007808685
1 0.18799999356269836 0.23353293538093567 0.02399998903274536 0.15568864345550537
2 0.289000004529953 0.2365269511938095 0.03799998760223389 0.08982035517692566
1 0.2280000001192093 0.2559880316257477 0.04800000786781311 0.2065868377685547
1 0.28600001335144043 0.2559880316257477 0.05199998617172241 0.21257483959197998
2 0.3440000116825104 0.2559880316257477 0.05199998617172241 0.128742516040802
1 0.07199999690055847 0.2559880316257477 0.02799999713897705 0.23053890466690063
2 0.9070000052452087 0.25898202508687973 0.09000003337860107 0.2005987912416458
2 0.6610000133514404 0.279940128326416 0.06200003623962402 0.1646706461906433
1 0.34599998593330383 0.28742516040802 0.07999998331069946 0.28742516040802
