1 0.5422557093842564 0.4249452348398521 0.07832232805805195 0.18090469919107932
0 0.09400735693419075 0.4072865536060832 0.049351131219108085 0.05745064914081044
0 0.26511945320640007 0.48595326717831405 0.046525238933859014 0.05609461394189774
0 0.12627582787079267 0.4655757436679553 0.032241151458886924 0.04115478355108643
2 0.06410363997188136 0.5246215255969455 0.08834145480113767 0.1649434801174316
2 0.24195248262026564 0.5604752284221468 0.07336737039535135 0.11653740796280065
2 0.7009372832708912 0.6524491570451767 0.08548828512041506 0.1505740560523331
2 0.11608019947800044 0.5488911656975651 0.050378057812620544 0.12025018881797056
2 0.3927724032172666 0.6045776310383625 0.09133812588736628 0.14925899301436418
1 0.11196326814933096 0.5741445033893066 0.07434659615561609 0.254938175710834
1 0.23755429132330497 0.6054178883530931 0.10052613389827414 0.29492822823667236
1 0.06061056432406994 0.5819201906789544 0.11354417289286184 0.42832504774513636
1 0.6881116614591875 0.7075345448449553 0.1119820830755649 0.3402193095100504
1 0.3886930226489746 0.6621836793397955 0.11093688100940124 0.3343273144543954
