2 0.12661829883696546 0.7748980602672572 0.22830038498905628 0.4502038794654857
0 0.7859292068576078 0.07884979918171671 0.11820610410675547 0.14558214604311945
0 0.4451591867378192 0.2278591816641664 0.11891845332780532 0.12929055299893935
0 0.632946288493829 0.27570034651402614 0.1119191641533488 0.12777103787799382
0 0.3086738737558538 0.36610542071514907 0.11604514191656634 0.12318470215393312
0 0.09960615238344053 0.4186380815273668 0.124652848273117 0.1319059251843887
2 0.8392103204012538 0.3841999845345345 0.20139074265232348 0.4206135571166238
1 0.8510470790684335 0.46888146115048007 0.2552324219812442 0.9377629223009601
1 0.49753443721359425 0.5764038462666494 0.229673483986772 0.8471923074667012
2 0.6730457063176287 0.5703350907949054 0.2013049353850378 0.40551923256871286
1 0.6766956082441873 0.5834770920391062 0.208246568743653 0.7804932288515929
1 0.32384929388304967 0.6458007044060291 0.21401799734848057 0.7083985911879418
1 0.1197055859362771 0.6675291234669871 0.22195038814349735 0.6649417530660257
2 0.3141238401907541 0.7064924265539749 0.18981738470020024 0.43797362780857463
