0 0.8488888740539551 0.6875 0.03111112117767334 0.03661620616912842
0 0.40833336114883423 0.6881313323974609 0.05666661262512207 0.05303025245666504
0 0.9311110973358154 0.6963383555412292 0.03333330154418945 0.03661620616912842
0 0.5938888788223267 0.6982323527336121 0.047777771949768066 0.04797983169555664
0 0.777222216129303 0.7108585834503174 0.03222215175628662 0.032828330993652344
2 0.5966666638851166 0.7714646458625793 0.09111112356185913 0.11616158485412598
2 0.7672222256660461 0.7872474789619446 0.05666673183441162 0.1123737096786499
2 0.4116666913032532 0.7878788113594055 0.09000003337860107 0.14646470546722412
2 0.9372222423553467 0.7891414165496826 0.06555557250976562 0.14141416549682617
1 0.8772222101688385 0.7954545617103577 0.043333351612091064 0.17171716690063477
1 0.8361110985279083 0.7960858345031738 0.05888885259628296 0.2537878751754761
1 0.7027778029441833 0.7973484992980957 0.05444443225860596 0.21338379383087158
1 0.7722222208976746 0.8011363744735718 0.06222224235534668 0.21338379383087158
1 0.9327777922153473 0.806186854839325 0.06333333253860474 0.2613636255264282
1 0.5788888931274414 0.8226010203361511 0.10000002384185791 0.31439387798309326
1 0.40888887643814087 0.8244949579238892 0.10222220420837402 0.3510100841522217
