0 0.2722322940826416 0.5620437860488892 0.05807626247406006 0.05352795124053955
0 0.0843920111656189 0.5717761516571045 0.04537200927734375 0.04379558563232422
0 0.159709632396698 0.5815085172653198 0.07259523868560791 0.05839419364929199
0 0.6805807650089264 0.6131386756896973 0.05081671476364136 0.05839419364929199
0 0.4092559218406677 0.614355206489563 0.06352090835571289 0.06082725524902344
0 0.6070780456066132 0.6362530589103699 0.030852973461151123 0.03163015842437744
2 0.07985478639602661 0.683698296546936 0.05081665515899658 0.14111924171447754
2 0.9664246737957001 0.7153284549713135 0.030852973461151123 0.08272504806518555
1 0.9627948999404907 0.7250608205795288 0.038112521171569824 0.17518246173858643
2 0.2631579041481018 0.7372262477874756 0.10163342952728271 0.22384428977966309
1 0.257713258266449 0.7554744482040405 0.1052631139755249 0.48905110359191895
1 0.4691470265388489 0.7615571618080139 0.05263161659240723 0.30656933784484863
2 0.13157892227172852 0.7688564658164978 0.10344827175140381 0.2384427785873413
1 0.14156079292297363 0.7700729966163635 0.1197822093963623 0.45985400676727295
1 0.07894736528396606 0.7700729966163635 0.07441020011901855 0.45985400676727295
2 0.7023593485355377 0.7761557102203369 0.07985478639602661 0.2092456817626953
1 0.6134301424026489 0.7846715450286865 0.06533575057983398 0.3333333730697632
1 0.6950998306274414 0.7858880758285522 0.10163331031799316 0.4184914827346802
2 0.4038112759590149 0.7883211970329285 0.07803988456726074 0.22871041297912598
1 0.4092559218406677 0.7931873202323914 0.09618878364562988 0.4136253595352173
1 0.3266787528991699 0.798053503036499 0.061705946922302246 0.3844282627105713
