0 0.5869791507720947 0.30594900250434875 0.023958325386047363 0.056657254695892334
0 0.4338541626930237 0.30736544728279114 0.03645831346511841 0.06515580415725708
0 0.23802082985639572 0.31586402654647827 0.040624991059303284 0.06515580415725708
0 0.4755208194255829 0.34419262409210205 0.03645831346511841 0.09348440170288086
0 0.1744791716337204 0.3512747883796692 0.046875 0.09065157175064087
0 0.5614583492279053 0.35552409291267395 0.03541672229766846 0.0878186821937561
0 0.38333332538604736 0.36685553193092346 0.04166668653488159 0.08215296268463135
0 0.2822916805744171 0.378186970949173 0.04791665077209473 0.0878186821937561
0 0.07031249813735485 0.3866855502128601 0.05520832911133766 0.0878186821937561
0 0.6343749761581421 0.3980169892311096 0.04791665077209473 0.09348440170288086
0 0.12604166939854622 0.4362606108188629 0.0520833358168602 0.0736544132232666
0 0.32760417461395264 0.4390934705734253 0.04895836114883423 0.08498585224151611
0 0.4359374940395355 0.44192636013031006 0.04895836114883423 0.07932013273239136
0 0.22187498956918716 0.45609064400196075 0.058333322405815125 0.09631726145744324
0 0.5249999910593033 0.4617563635110855 0.052083343267440796 0.10764870047569275
2 0.05781250074505806 0.6515581011772156 0.05520833283662796 0.2606232166290283
1 0.0598958320915699 0.6671388149261475 0.08229167014360428 0.6657223701477051
1 0.6385416388511658 0.6728045344352722 0.10000002384185791 0.6543909311294556
2 0.6307291388511658 0.6770538091659546 0.07187497615814209 0.3229461908340454
1 0.33020833134651184 0.6841359734535217 0.10208332538604736 0.6317280530929565
2 0.32499998807907104 0.6869688630104065 0.0625 0.30878186225891113
1 0.1197916641831398 0.69405098259449 0.07708333432674408 0.6118980348110199
1 0.21822915226221085 0.7039660066366196 0.07395832240581512 0.5920679867267609
1 0.4281249940395355 0.7096317410469055 0.08749997615814209 0.580736517906189
1 0.5265624970197678 0.7138810157775879 0.0885416567325592 0.5722379684448242
2 0.5307291746139526 0.7152974605560303 0.08020830154418945 0.3257790803909302
2 0.21979166567325592 0.7223796248435974 0.06874999403953552 0.32861196994781494
2 0.4348958432674408 0.7266288995742798 0.06770831346511841 0.2804532051086426
2 0.12291666492819786 0.7308781743049622 0.07499999552965164 0.3229461908340454
0 0.3479166626930237 0.28045326471328735 0.03750002384185791 0.08498585224151611
