0 0.284912109375 0.22086116671562195 0.05224609375 0.08092057704925537
0 0.47314453125 0.22197476774454117 0.0498046875 0.07126949727535248
0 0.5341796875 0.22234594821929932 0.046875 0.06904232501983643
0 0.432861328125 0.22531551122665405 0.03955078125 0.06013363599777222
0 0.16650390625 0.23942093551158905 0.0498046875 0.08389011025428772
0 0.099365234375 0.2442464679479599 0.05224609375 0.08611729741096497
0 0.24365234375 0.24573124945163727 0.0322265625 0.07423904538154602
0 0.205810546875 0.25463995337486267 0.04443359375 0.08166295289993286
0 0.331787109375 0.25686711072921753 0.05615234375 0.06681513786315918
0 0.39013671875 0.2873051166534424 0.0517578125 0.06829994916915894
1 0.542724609375 0.3697104826569557 0.05810546875 0.36377136409282684
2 0.27294921875 0.39903488755226135 0.103515625 0.2071269154548645
1 0.460693359375 0.43429844081401825 0.12060546875 0.48106899857521057
1 0.094482421875 0.4424647316336632 0.12060546875 0.48255379498004913
1 0.259033203125 0.45100222527980804 0.11376953125 0.5189309418201447
1 0.18896484375 0.4636228680610657 0.0673828125 0.4922049045562744
1 0.35595703125 0.4806978404521942 0.1044921875 0.5263548493385315
