0 0.3984375 0.43421053886413574 0.064453125 0.061403512954711914
0 0.2509765625 0.4371345043182373 0.078125 0.09649121761322021
0 0.33203125 0.4502924084663391 0.041015625 0.046783626079559326
0 0.44921875 0.45467835664749146 0.025390625 0.04970759153366089
0 0.662109375 0.4590643346309662 0.033203125 0.046783626079559326
0 0.560546875 0.46929824352264404 0.044921875 0.05555558204650879
0 0.7138671875 0.4780701547861099 0.0546875 0.061403483152389526
2 0.662109375 0.5131579041481018 0.033203125 0.10233914852142334
1 0.666015625 0.5409357100725174 0.048828125 0.23976609110832214
2 0.3349609375 0.5482456088066101 0.05859375 0.13157892227172852
2 0.5673828125 0.5833333134651184 0.07421875 0.1608186960220337
2 0.7099609375 0.5921052694320679 0.0703125 0.17836260795593262
1 0.3330078125 0.6067251563072205 0.078125 0.37719297409057617
2 0.41015625 0.6184210777282715 0.119140625 0.26023387908935547
1 0.5732421875 0.6184210777282715 0.08984375 0.3654971122741699
2 0.240234375 0.6301169246435165 0.119140625 0.266081839799881
1 0.7177734375 0.652046799659729 0.10546875 0.38011693954467773
1 0.236328125 0.6929824501276016 0.158203125 0.6140350997447968
1 0.41015625 0.6988304108381271 0.158203125 0.6023391783237457
