0 0.34062498807907104 0.1529894508421421 0.09218752384185791 0.12309496849775314
0 0.4312499761581421 0.20105509459972382 0.09531247615814209 0.12309494614601135
0 0.8343749940395355 0.2420867532491684 0.06874996423721313 0.08323565125465393
0 0.7542968690395355 0.256740927696228 0.06796878576278687 0.0844079852104187
0 0.5640624761581421 0.26084408164024353 0.0625 0.09026962518692017
0 0.641796886920929 0.2626025676727295 0.06484377384185791 0.08909732103347778
0 0.166015625 0.2895662412047386 0.06953120231628418 0.10550995171070099
2 0.42890626192092896 0.39214538037776947 0.06718754768371582 0.233294278383255
2 0.330078125 0.4021102041006088 0.12421870231628418 0.27198126912117004
2 0.8324218690395355 0.41441966593265533 0.06484371423721313 0.1981242597103119
2 0.74609375 0.42145368456840515 0.06875002384185791 0.1817116141319275
2 0.5601562261581421 0.4279015362262726 0.078125 0.1781945824623108
2 0.1519531011581421 0.4478311836719513 0.10078120231628418 0.20633059740066528
2 0.6441406309604645 0.4484173208475113 0.053906261920928955 0.18405625224113464
1 0.7359374761581421 0.5228604674339294 0.1015625 0.6072684526443481
1 0.832812488079071 0.5246189832687378 0.07968747615814209 0.6271981000900269
1 0.631640613079071 0.5422039777040482 0.08359372615814209 0.6342321336269379
1 0.322265625 0.547479510307312 0.13984370231628418 0.888628363609314
1 0.42851561307907104 0.5627198219299316 0.10234379768371582 0.8745603561401367
1 0.14960938692092896 0.586166501045227 0.12578129768371582 0.6940211057662964
