0 0.736151913674416 0.1829044690067041 0.0954940198551002 0.1282097627829203
2 0.8495523903953361 0.2990222449551032 0.22100339786214518 0.22744279082283042
0 0.37725908204503644 0.39805850030824114 0.03553795078858979 0.050994406603185105
0 0.4072907940312305 0.42298838565562885 0.025731796678475027 0.03628523057217159
0 0.5940041012886179 0.4051703317015273 0.026924840572485342 0.04385602644473763
2 0.3511177683623534 0.4535421763079008 0.042347599581016915 0.1063025291720795
2 0.6211635370355496 0.4398125077195515 0.05235511726365405 0.07390769187024032
2 0.39494726676796504 0.4700770196256231 0.03378152450092886 0.08304723006223541
1 0.36463693853755386 0.5084684940538555 0.07844770223731756 0.2714524375976991
1 0.612469694877365 0.4846238973833201 0.07062595663703064 0.21231365023731558
1 0.4045084971257733 0.5122746153889697 0.05329250666679697 0.21290716099417745
1 0.8421245843999021 0.47496558545158263 0.31575083120019576 0.7543121218389615
