0 0.5552884340286255 0.41064637899398804 0.04326927661895752 0.06083649396896362
0 0.6850961446762085 0.4182509481906891 0.04326927661895752 0.06844109296798706
0 0.234375 0.4524714946746826 0.04567307233810425 0.05323195457458496
0 0.40745192766189575 0.4581749141216278 0.04567307233810425 0.04942965507507324
2 0.6911057829856873 0.5570341944694519 0.060096144676208496 0.14828896522521973
2 0.5528846383094788 0.558935359120369 0.0625 0.1596958339214325
2 0.40504807233810425 0.6045627593994141 0.08894228935241699 0.18250954151153564
2 0.23317307233810425 0.6045627593994141 0.07692307233810425 0.19011402130126953
1 0.6947115659713745 0.6159695833921432 0.0625 0.4638783037662506
1 0.5600961446762085 0.6197718381881714 0.07692313194274902 0.47148287296295166
1 0.40625 0.6482889652252197 0.0913461446762085 0.4524714946746826
1 0.234375 0.661596953868866 0.09855771064758301 0.4790874719619751
