0 0.6231300674043327 0.2259765777555076 0.10083876319351315 0.1348200705774749
1 0.38152916148559624 0.2627960037003158 0.20623186311771807 0.4664771361361515
1 0.5900376465433915 0.36446610788466893 0.222967860183636 0.492145658175108
1 0.1754143734731873 0.27084816157608166 0.2509976929454621 0.5416963231521633
2 0.5817340541163645 0.4169564325255514 0.18379737333420804 0.3177166878387204
2 0.38019687985350026 0.35676730266602924 0.15996567988463412 0.30872001945970096
2 0.13610902259996602 0.3396716665961785 0.23085925019514802 0.5047999467016328
1 0.816063084859204 0.5556520484434775 0.36787383028159204 0.8886959031130449
2 0.8479218001345807 0.6819090776966965 0.2751401269368602 0.6361818446066069
0 0.9160687635920239 0.2553332423142225 0.16017321151468655 0.21204579752537206
0 0.4082450174967569 0.10688934391780597 0.11276287054255252 0.12803373499754378
0 0.23107837865533037 0.0784032646475861 0.13285590419977586 0.1568065292951722
