0 0.02858287112739064 0.34251402066645986 0.05716574225478128 0.09816057749955653
0 0.4721102145967405 0.2700759806672921 0.06693348799584853 0.0849313441501697
0 0.2719291662326736 0.3123175432159535 0.08431406503778166 0.08332676974328407
2 0.9060448387292821 0.28553279204789495 0.17863023095486363 0.3135071537125276
2 0.5110343721890674 0.4562381223328285 0.13996615362600345 0.23624370094799263
2 0.7001281838985987 0.4236401247243772 0.1753314367304395 0.2863118197913675
2 0.3050097852353181 0.5008291663934782 0.16464117760518876 0.26257667686996605
2 0.08348740947895109 0.5643363159164203 0.16697481895790217 0.31066372981449664
1 0.8843845242026285 0.43036371577133126 0.23123095159474294 0.8607274315426625
1 0.702882235621663 0.5052888345114765 0.21881986743122206 0.6931282368547522
1 0.5252263068453212 0.5395541303357355 0.22730520854677544 0.6342896793346997
1 0.3079138131662682 0.5837140349743193 0.2312037441547316 0.6664295322304352
1 0.10252825938303438 0.6259582655916682 0.20505651876606876 0.7179767587012943
0 0.8473388058402261 0.06259716687137783 0.11638055928024782 0.10619959887369326
0 0.6652967621831299 0.20385359608855552 0.07512319466350048 0.0719530964604316
