0 0.7184684872627258 0.3540000021457672 0.051351308822631836 0.1119999885559082
0 0.842792809009552 0.3700000047683716 0.0441441535949707 0.08799999952316284
0 0.47837838530540466 0.38100001215934753 0.03423422574996948 0.06999999284744263
0 0.41756758093833923 0.3840000033378601 0.027927935123443604 0.06400001049041748
0 0.6671171188354492 0.3840000033378601 0.03513514995574951 0.05199998617172241
0 0.3684684634208679 0.4009999930858612 0.03423422574996948 0.07400000095367432
0 0.5509008765220642 0.414000004529953 0.03693687915802002 0.07199996709823608
0 0.6058558821678162 0.42899999022483826 0.029729723930358887 0.06599998474121094
2 0.6675675511360168 0.5120000392198563 0.04504501819610596 0.22800001502037048
2 0.4216216206550598 0.5180000066757202 0.043243229389190674 0.18400001525878906
2 0.4842342436313629 0.5180000066757202 0.05135136842727661 0.2200000286102295
2 0.8594594597816467 0.54100002348423 0.07207202911376953 0.2460000216960907
2 0.5495495200157166 0.5459999889135361 0.05405402183532715 0.20799997448921204
2 0.3702702820301056 0.549000009894371 0.054054081439971924 0.22599998116493225
1 0.48513513803482056 0.549000009894371 0.05855858325958252 0.4219999611377716
2 0.6063063144683838 0.5590000152587891 0.046846866607666016 0.20200002193450928
2 0.7270269989967346 0.5630000084638596 0.07387387752532959 0.28199997544288635
1 0.4162162244319916 0.5709999799728394 0.05945944786071777 0.44200003147125244
1 0.5509008765220642 0.593999981880188 0.05855858325958252 0.4520000219345093
1 0.6689189076423645 0.5939999967813492 0.06036031246185303 0.4960000216960907
1 0.3725225329399109 0.5950000286102295 0.05675673484802246 0.4739999771118164
1 0.6067567467689514 0.6060000061988831 0.05675673484802246 0.41600000858306885
1 0.8581081032752991 0.6169999986886978 0.08018016815185547 0.5980000197887421
1 0.723423421382904 0.6510000079870224 0.0882883071899414 0.6979999840259552
