0 0.7948104794843198 0.12837725127228983 0.07459213506531526 0.08257265536141424
0 0.7332149402922412 0.1433318946926815 0.05903778258732728 0.08738405618514034
0 0.25659760714577295 0.2076634062153226 0.08086559111598185 0.09432817966940746
0 0.13752969124664854 0.27789887827526183 0.07532373922933445 0.0801522854027718
1 0.7410374167049613 0.34862277131903574 0.1588669913931755 0.5302826008881028
2 0.8510486795611754 0.35434100284782283 0.10238813057567453 0.30015956161060686
2 0.7268505493777533 0.37995829567691697 0.09834871621099528 0.32341591041726603
2 0.2880758280700223 0.46153464205341704 0.15443170791058974 0.33718329427950067
2 0.1278184238205903 0.4935390978267442 0.1560257331724501 0.3149493500753979
1 0.8413789307550716 0.5086165850897849 0.18007574162939288 0.8728396393021455
1 0.13955200485604313 0.5882775819499516 0.18780636194093725 0.7144058780627647
1 0.3031813202580334 0.5735244537705984 0.20780694181064277 0.8529510924588034
0 0.5759082553338302 0.6440425049643068 0.08268812638110168 0.1603832542707898
0 0.6530623498230479 0.6527280560062452 0.06363661237701213 0.14001450283748829
2 0.7574664470806699 0.6539436258939162 0.15266170045400518 0.16918902023521265
2 0.4690270832340545 0.7163080548103951 0.14274945174879816 0.19067180972747833
1 0.505601218839098 0.764347847867097 0.23704161627953152 0.4130206635585689
1 0.7338070593764149 0.7612704404374777 0.23913638631867085 0.4032641078351542
