0 0.23693782091140747 0.2575644850730896 0.1742725372314453 0.0751488208770752
2 0.40839946269989014 0.3480902910232544 0.18187832832336426 0.1619543433189392
2 0.5980489253997803 0.3666914701461792 0.18617725372314453 0.2041170597076416
1 0.4178240895271301 0.3976934477686882 0.20932543277740479 0.4595734030008316
2 0.8015872836112976 0.4159225970506668 0.24867725372314453 0.2480158507823944
1 0.5970568656921387 0.4283234030008316 0.20138883590698242 0.5009920299053192
2 0.2860449552536011 0.4985119104385376 0.3339947462081909 0.3040674924850464
1 0.8032407760620117 0.5059523582458496 0.2519841194152832 0.6860119104385376
1 0.23743385076522827 0.5691964030265808 0.2857142686843872 0.7182539701461792
0 0.4117063283920288 0.2075892835855484 0.12235450744628906 0.049603164196014404
0 0.6124338507652283 0.2125495970249176 0.10449731349945068 0.049603164196014404
0 0.7628968060016632 0.2129216343164444 0.11441797018051147 0.0652281641960144
