0 0.24647153335178307 0.23354292127236448 0.06085904293462582 0.08406902985030826
0 0.7583971131363285 0.1651795286798416 0.0722057979888846 0.07701378635914036
0 0.36750002683793964 0.2671147800168599 0.05800935112897598 0.0797892043232187
0 0.5161089218597301 0.25699150949311117 0.06313724091483802 0.09063364928294201
0 0.5813986993483193 0.2565355941593096 0.05890751818770623 0.057041399208821286
2 0.25940872483140276 0.4141599105649997 0.1196545099960434 0.2425673061877449
2 0.3644116887185669 0.4393892058918108 0.14038136665619055 0.23283700609657287
2 0.774810938679483 0.3633561447376736 0.15365704403471703 0.29992116196675667
2 0.5310758135355391 0.4327101319170097 0.12737208788196341 0.27092120754106824
1 0.26275872824093577 0.5007541552583911 0.19113807242404954 0.635944331033709
2 0.6132445346221129 0.4448320574694641 0.07239022761843483 0.22082335981311751
1 0.3692792333391854 0.532598249521585 0.17815144898254875 0.6269167183917306
1 0.6140418943500409 0.5022587502148156 0.13495404071851969 0.5819456181074979
1 0.7923681137805145 0.48593352343467694 0.2512845231793588 0.7524688872823416
1 0.5330823991038277 0.5474688028074539 0.213682951539726 0.6677085141802155
