0 0.2537500262260437 0.25555557012557983 0.0625 0.07999998331069946
0 0.1131250262260437 0.268888883292675 0.0387500524520874 0.07111109793186188
0 0.4781249761581421 0.3144444525241852 0.03125 0.03777778148651123
0 0.5699999928474426 0.34111112356185913 0.04250001907348633 0.05555558204650879
0 0.6556249856948853 0.3522222340106964 0.041249990463256836 0.05111110210418701
0 0.8387500047683716 0.38555556535720825 0.0625 0.07777780294418335
2 0.0975000262260437 0.3933333456516266 0.059999942779541016 0.1600000262260437
2 0.22624999284744263 0.41777777671813965 0.06749999523162842 0.18222224712371826
1 0.09500002861022949 0.4655555337667465 0.09000003337860107 0.46444442868232727
2 0.6431249976158142 0.46888887882232666 0.058750033378601074 0.13777780532836914
1 0.47187501192092896 0.4722222089767456 0.06375002861022949 0.36222219467163086
1 0.23750001192092896 0.5111111551523209 0.1174999475479126 0.5777778327465057
2 0.8387500047683716 0.5711110830307007 0.08749997615814209 0.2666666507720947
1 0.8287500143051147 0.647777795791626 0.11249995231628418 0.6377778053283691
