2 0.4154166579246521 0.44388890266418457 0.03750002384185791 0.08333331346511841
2 0.4662500023841858 0.4472222328186035 0.04916667938232422 0.09000003337860107
1 0.4129166603088379 0.4555555582046509 0.059166669845581055 0.17777776718139648
2 0.23874998092651367 0.46666666865348816 0.047500014305114746 0.09777778387069702
2 0.5374999940395355 0.4744444340467453 0.07333332300186157 0.13555553555488586
1 0.46666663885116577 0.47555556893348694 0.04499995708465576 0.19777780771255493
2 0.7137500047683716 0.4833333194255829 0.09083330631256104 0.1177777647972107
1 0.24124997854232788 0.48777778446674347 0.0625 0.23777779936790466
1 0.5495833456516266 0.5244444459676743 0.09250003099441528 0.30666664242744446
1 0.7112500071525574 0.5311111211776733 0.10916674137115479 0.2844444513320923
