0 0.2497672351167749 0.5123005928826599 0.15147849778030806 0.1822113716176202
0 0.47398396032441126 0.44991701908563075 0.1280852167068866 0.15783079778025422
0 0.7294882540652547 0.36027195355186614 0.13894053836101639 0.16173655325491137
0 0.6134978312841448 0.5266087717603427 0.11831060267303461 0.1443365567602803
1 0.27392986355990084 0.7050632717666037 0.33707904207577893 0.5898734564667927
1 0.4835505730604453 0.6819650013476568 0.3039111578573671 0.6360699973046863
1 0.8107939981776231 0.584796580593936 0.3302740538982275 0.6775601330402423
2 0.5071129067742108 0.7043504281874664 0.20747764567316757 0.3639916420183221
2 0.7972040320457425 0.6136923793241715 0.24502544555365235 0.4174104595630629
2 0.282986416358981 0.7902312145922279 0.2890400815419605 0.4195375708155441
1 0.6465035668751749 0.7102113764685378 0.2556570858011018 0.534976545908702
2 0.6529659711239131 0.7707593052368769 0.2013405016622104 0.3697652311264912
