0 0.47494671314548487 0.1733119316601232 0.04928418447328475 0.08929267400204965
0 0.5920431797102104 0.145604274840287 0.08145259524676018 0.12323095483439821
2 0.3506001058680977 0.26807945895998875 0.06504968051269122 0.12016766741256135
0 0.4054654417725704 0.24616190920408 0.07811467430502494 0.1020838580587595
0 0.23703980150652687 0.3273520727779489 0.0828830616343049 0.13229394560087704
2 0.308599153950856 0.30126048472842293 0.05556331031246381 0.11314944730028917
0 0.6754856840525589 0.14899062902971025 0.0872296857378505 0.11736568409886557
1 0.5435369434563002 0.4887654854679394 0.2162488671326629 0.7702114755440936
1 0.6318819265406068 0.4835115987841256 0.2679699496566979 0.8802514915633984
1 0.44575473795402365 0.5838694006076035 0.26225023354148164 0.7962397246238058
1 0.2854640271861991 0.6148787393898981 0.30151843903842807 0.7702425212202039
1 0.7529387249834689 0.48394818168894416 0.24764685805845155 0.8417355251778731
