0 0.30838547056239907 0.30948282809069483 0.11436092027111988 0.1164724072145718
0 0.6078748098985878 0.41165624422296987 0.10470759577421207 0.11317799934982625
2 0.4298279299978111 0.5961482892158165 0.18428165168523003 0.37228962990877207
1 0.7795118910144737 0.645041929420995 0.3165519545344937 0.7099161411580099
1 0.4140889111704804 0.6087599120147869 0.2910140672552961 0.7824801759704262
1 0.23180974178145106 0.5704472305501587 0.27235938862616677 0.7733385299599764
2 0.808111662627652 0.7168747066581023 0.21029951022494764 0.48634620560934855
1 0.5817227422968366 0.6642111298381981 0.21726348248417232 0.6715777403236038
2 0.22394760018933807 0.5954224530184445 0.21921664766865923 0.43056521803314823
2 0.5938339736782131 0.705229519541372 0.18588767455054178 0.4114818334969045
0 0.7542627413990837 0.37691272019082145 0.13500617857952302 0.17921420103500024
0 0.4751107239728751 0.3117196934576474 0.09694506578571266 0.12360728075653321
