0 0.21652489459419194 0.4040772889142817 0.033298554742330816 0.043418203278750234
0 0.4435981555425603 0.5073746810426575 0.03492540789349752 0.048169657407626854
0 0.6093880742714933 0.567664689268383 0.03698634738636275 0.04325414588494236
0 0.7360761110328822 0.6186985420402338 0.030695192937403082 0.050955201758642654
2 0.1957546725061624 0.47215537997889157 0.054014774909895896 0.10223834374829432
2 0.4514628125756094 0.5757796413067697 0.06496970002086616 0.10731712238493374
2 0.7120516909346379 0.6671153914355803 0.06377698932425568 0.08028261223786293
2 0.5763069132235286 0.6254209024348343 0.06692211566864703 0.10797245487190932
1 0.1946161148165735 0.4973055545257629 0.08232230299216647 0.25051821651288997
1 0.44766694078721514 0.6085487013565334 0.1037984806574293 0.2577268244372287
1 0.5671420736319657 0.6633512582114858 0.12234600355145608 0.27656850467001914
1 0.7019650164969848 0.7147945369199229 0.11410263844733382 0.2709980217238023
