0 0.46923828125 0.19266916811466217 0.0517578125 0.07706767320632935
0 0.61962890625 0.1964285671710968 0.0517578125 0.08458647131919861
0 0.66943359375 0.20676691830158234 0.0537109375 0.08270677924156189
1 0.50927734375 0.2095864713191986 0.0458984375 0.1672932505607605
1 0.26025390625 0.2124060094356537 0.0693359375 0.21804511547088623
2 0.5634765625 0.3909774422645569 0.080078125 0.2744361162185669
2 0.33203125 0.39661654829978943 0.08984375 0.3308270573616028
2 0.2158203125 0.4107142984867096 0.103515625 0.3251879811286926
2 0.12060546875 0.43233081698417664 0.1318359375 0.31954890489578247
2 0.6796875 0.44266919791698456 0.087890625 0.2838346064090729
2 0.4736328125 0.4445488750934601 0.10546875 0.3251879811286926
1 0.62353515625 0.5 0.0634765625 0.7443609237670898
1 0.3994140625 0.5056390762329102 0.09765625 0.7781955003738403
1 0.560546875 0.5178571343421936 0.111328125 0.8101503849029541
1 0.68359375 0.5281955003738403 0.10546875 0.7255638837814331
1 0.21240234375 0.5366540998220444 0.1103515625 0.8327067196369171
1 0.482421875 0.5451127886772156 0.099609375 0.8157894611358643
1 0.3232421875 0.5460526496171951 0.111328125 0.8214286267757416
1 0.11279296875 0.5582706928253174 0.1396484375 0.8721804618835449
0 0.42236328125 0.12312030047178268 0.0458984375 0.07706765830516815
0 0.201171875 0.15695488452911377 0.0546875 0.09962406754493713
0 0.25634765625 0.1607142835855484 0.0419921875 0.06578949093818665
0 0.51513671875 0.1607142835855484 0.0419921875 0.08458647131919861
0 0.3828125 0.16165412962436676 0.05078125 0.0714285671710968
0 0.32666015625 0.1625939905643463 0.0556640625 0.07330828905105591
1 0.42724609375 0.17481202632188797 0.0654296875 0.18796990811824799
0 0.5556640625 0.17669172585010529 0.05078125 0.09022554755210876
0 0.12158203125 0.18421052396297455 0.0615234375 0.08646616339683533
