2 0.42466998165786674 0.3359177346435106 0.14030890029758109 0.3199643039584171
2 0.20908339681116295 0.5693748128681877 0.13871015880218687 0.2920216697840782
1 0.44198833679015137 0.49353072804674786 0.23245763641737244 0.8804289652528056
0 0.33776071444950284 0.6155754069814572 0.06567579913964855 0.10114253348652957
1 0.21989680458464708 0.6633256635992023 0.20550661209781956 0.6733486728015954
1 0.3667673109999573 0.7121895397096971 0.14517621678038484 0.36951870407501775
0 0.5604751358287848 0.794086894890274 0.07887855140223743 0.1687209323678942
1 0.6363878070814517 0.7817381463546671 0.2380504391897057 0.2986095181989544
2 0.6580807717781615 0.7909806001359447 0.11516181811532955 0.21495968373185825
0 0.3890786979879516 0.13835169893680396 0.0635115440477183 0.10842927755136007
