0 0.7921381485010632 0.31567220966986054 0.06181786004975376 0.09033394922131038
0 0.9017000594603803 0.3191791349110132 0.06523796286546546 0.10024990153765856
0 0.45487526296232883 0.3839055757410208 0.05194015690397563 0.08508904888127478
1 0.8031060018995447 0.39006237931912835 0.1003184808019606 0.25576685045701053
0 0.510740707049776 0.4027824907323737 0.051825411252588216 0.07773817507195263
2 0.8012676520523818 0.4293533783480875 0.060605161454965084 0.11722992265809229
2 0.4588555172664105 0.4818318770386888 0.07728476286852631 0.13985648392511396
2 0.9260724266833565 0.5193586086287065 0.09663063565258101 0.2286987003500774
1 0.9081226356028498 0.5212148493680248 0.14712848255220679 0.3259819112754505
2 0.5311766569963858 0.5601963350922924 0.0772576298239343 0.24271208730724309
1 0.4529963171302036 0.5776520558962891 0.10068501052655271 0.48843140232104276
1 0.5281447040431841 0.6277232579336142 0.09355004869349448 0.5543029074656172
