2 0.13874399662017822 0.4310908019542694 0.06300854682922363 0.12606137990951538
2 0.6546004414558411 0.43990856409072876 0.03901517391204834 0.10450685024261475
2 0.7067598700523376 0.448073148727417 0.04318797588348389 0.08817768096923828
2 0.5266013145446777 0.454604834318161 0.041727542877197266 0.11430436372756958
1 0.7084289789199829 0.49379490315914154 0.05069899559020996 0.28412798047065735
1 0.65178382396698 0.5066949874162674 0.05007302761077881 0.33605489134788513
1 0.5266013145446777 0.511593759059906 0.05841851234436035 0.3262573480606079
2 0.29177966713905334 0.5166558176279068 0.11871480941772461 0.26453301310539246
2 0.420717716217041 0.5228608995676041 0.13206762075424194 0.2756368815898895
1 0.18099310994148254 0.5305355787277222 0.06446900963783264 0.4314173460006714
1 0.43302732706069946 0.5991182327270508 0.1258084774017334 0.8017635345458984
1 0.27581891417503357 0.6023840755224228 0.19528478384017944 0.7952318489551544
0 0.3024201989173889 0.2611038610339165 0.06363445520401001 0.0780535489320755
0 0.42363864183425903 0.28151535987854004 0.06947630643844604 0.08164596557617188
