0 0.13337816113626802 0.4699380891273113 0.086104343856007 0.10463103315948974
2 0.10549322575020342 0.6382050397165409 0.15234282683648093 0.16682132131238192
0 0.6386599094075459 0.547777490512102 0.03566943662108635 0.04620578675634668
0 0.483850460501296 0.596857275847521 0.0265177450216188 0.032423021357280146
0 0.448348427110654 0.6251370683203419 0.03078106337618214 0.03633933065319672
1 0.173515919773443 0.6986844020448334 0.347031839546886 0.6026311959103332
1 0.5106360370567977 0.6590897494935075 0.08133876005519713 0.18761322703519345
1 0.6579622216760068 0.6255154767723661 0.08362666823692166 0.1910589148785119
0 0.7648980120275017 0.6122371720280111 0.10368241429495284 0.14362611837435424
2 0.41966549829491984 0.6990595329064543 0.05928530774015628 0.1243471069871056
1 0.42767328849217784 0.7078250032657275 0.0961042306690314 0.1998326866819895
1 0.7954893017824074 0.7299787150178703 0.2476322940503799 0.4505774447752714
2 0.8104779901437746 0.8148433498571908 0.18209706323599917 0.2667293632091722
