0 0.4564686163862116 0.31108090942366917 0.035209821141477804 0.04689721678730813
0 0.3111777083670406 0.3304786731221573 0.03858930265074889 0.04745427763022725
0 0.6204822982915794 0.31036164145967343 0.029462337451691356 0.046454162273391164
0 0.5385763346522334 0.3180169727714789 0.02486235100666112 0.033348781464352995
1 0.7006410085071879 0.31551029965124355 0.053694207324621934 0.14795629605443808
0 0.7370556481728663 0.325670573329993 0.04340690060618624 0.04960481831424424
1 0.780500143650005 0.32351399320429197 0.06070379424843608 0.17370171964225642
0 0.38035882580383457 0.36032156658857695 0.03577387497602269 0.0460511138390281
1 0.5376058124141918 0.3563976843144516 0.04334985663346136 0.10564462814799791
1 0.6209222518643263 0.3522108612376703 0.04182628517427378 0.1188710597002629
1 0.31224316086639947 0.37898691285084624 0.05395433564757157 0.161320227125206
1 0.4679727976395739 0.368472730622227 0.05664363056428595 0.17635403481609901
0 0.5585975975852486 0.3746031812962045 0.041287921367817115 0.051220641197789296
0 0.276750652295784 0.40154656743339007 0.048840393009064786 0.06396058312243924
0 0.4448699278391315 0.3930583398772987 0.04873302894297804 0.055056407478919045
0 0.16868431593505784 0.4228444316775117 0.0583174833725546 0.057870957154620206
1 0.27922848155218516 0.44487825368046924 0.04635566435348715 0.14145999250616337
1 0.39079297463050555 0.4502888419346629 0.06785364163949453 0.24393754101241472
0 0.341176789357752 0.45500786905050056 0.04944984703438593 0.058670059957886656
0 0.24699283159272292 0.49580449136028687 0.05514093034278128 0.05169545796507824
2 0.7462713919960849 0.4699860425683255 0.08725984819575117 0.2276416730205354
2 0.849522428694878 0.48214856385214144 0.08088328280055146 0.24345924371504868
2 0.6591858395962985 0.4975661876856674 0.09460937545647208 0.24600002238158708
2 0.5662027724797374 0.524110481995351 0.07643929910825265 0.20605039492711463
2 0.4606588356663478 0.5349293982105086 0.07736360340864895 0.1984118789676203
1 0.7492881840056969 0.5174495656190791 0.10777495566960038 0.4456901759617971
1 0.852004546315221 0.5140029577890545 0.1078492467952139 0.4190081752265921
1 0.8579103762055742 0.5239812455657026 0.006896698910876631 0.01091016321746796
1 0.5634610369838704 0.5600939064190986 0.09012501691506691 0.43246840147151927
1 0.6554375660175764 0.5650767735499738 0.1059513221564361 0.4559282363238327
1 0.4659814994220247 0.6003993088784423 0.09965460159675382 0.4509948933043066
1 0.17900154094497117 0.6225216300736728 0.10959710454329719 0.4873449548772322
1 0.36257968631800264 0.612841714435465 0.11898388326534448 0.35166455351338755
2 0.35727322639284975 0.6348630598330182 0.08671070163451738 0.22315142116098574
2 0.25554978690285035 0.6672978575851731 0.10462624597526662 0.2556681484812523
1 0.2501735900538443 0.6727799986931694 0.11876626596787526 0.4376416197968151
0 0.6578418184447441 0.1682688271100178 0.0319870843598965 0.03360145581359425
1 0.6544243914008544 0.17002276582032258 0.02118838683836133 0.03573431969449242
1 0.6607285760559345 0.2090351066461832 0.0562087704248041 0.13480628645558287
0 0.779570917408019 0.2615807173710243 0.035825596536705584 0.05910243173414473
0 0.7013365556945779 0.26910204619705685 0.02957436443745709 0.049724645618299035
