0 0.7111538648605347 0.20292887091636658 0.05769228935241699 0.05648535490036011
0 0.5003846287727356 0.25470712780952454 0.053076863288879395 0.044979095458984375
1 0.6711538434028625 0.30439329147338867 0.1530768871307373 0.284518837928772
0 0.08961540460586548 0.3179916441440582 0.0700000524520874 0.05648535490036011
0 0.5730769336223602 0.33891212940216064 0.056923091411590576 0.06694561243057251
1 0.48846155405044556 0.4001046270132065 0.09846150875091553 0.34623435139656067
2 0.493461549282074 0.41108787059783936 0.08846151828765869 0.15899580717086792
2 0.566153883934021 0.4984309524297714 0.08153843879699707 0.17677822709083557
1 0.07423079013824463 0.5889121294021606 0.11923074722290039 0.6087865829467773
1 0.5707692503929138 0.5899581462144852 0.10000002384185791 0.6004184186458588
