0 0.3708432382399365 0.10236719575329638 0.13476803007439447 0.1598744702648711
0 0.7031027093856043 0.18280057429632293 0.1451787344770692 0.1591412381018949
0 0.07400767636027017 0.24536481925594814 0.10211446242560457 0.18611803024746149
0 0.5210725549281155 0.2736720990948841 0.14184194177420317 0.21184876520780008
1 0.8583738469393125 0.45911050931448855 0.2828232858616446 0.899530269163865
1 0.6918408319496453 0.48348809988599123 0.19593622909544872 0.8238611681559757
1 0.3099927948496631 0.5183299130179203 0.31480906703617473 0.9371528707587864
2 0.8493217710329557 0.5143734885281924 0.2864763047286636 0.6339002249526233
1 0.11388642808775161 0.5854032157734566 0.22777285617550322 0.7902298844694137
1 0.5353518011737454 0.5775911151005494 0.24948694351217876 0.8091133998525832
2 0.3074582374565275 0.6637550079447323 0.2781812990460849 0.640227189592651
2 0.07123729491366779 0.707019907083712 0.14247458982733557 0.5858833286298173
2 0.5501829726130117 0.708154276944802 0.24505091491019787 0.5836914461103959
0 0.8700078359615379 0.8450273664611434 0.1697697130287248 0.26791187165577446
