1 0.2642681657611553 0.4285468007687309 0.1838493522017895 0.4651510901326227
2 0.2745216950032846 0.47052025128182773 0.11526968105880525 0.29806984186821656
2 0.2791809428015255 0.4715443680616226 0.12235277653632703 0.2887868735957848
2 0.16915785111088175 0.5586029392088357 0.11719267619259545 0.29796028275221226
2 0.4285886844552448 0.46153302861461565 0.1259910309557335 0.31430749370598415
2 0.708691380131586 0.3677646550591216 0.14781494532009598 0.31852858911864246
2 0.8719472250532415 0.31015756948539314 0.11822872965899256 0.24758393636753281
1 0.45941077825293364 0.5836374026195663 0.2196931904853856 0.7786741039933254
1 0.8924515798848037 0.41682297674887736 0.21509684023039255 0.7196312479907765
1 0.17862245671210075 0.6323496993206381 0.23645446677478446 0.7353006013587238
1 0.7152384557451956 0.49840304951428777 0.24416088263133173 0.7925348612948516
