0 0.7826443248156244 0.5375151559921165 0.057867001676132235 0.058020902830423715
0 0.4872304863208308 0.5632753139967646 0.03932923547433542 0.047537171618194596
0 0.6719171156807214 0.5824318084571009 0.0347060612018375 0.06416403933986103
0 0.31494852066623136 0.6146641548576757 0.04996555013002485 0.0769016510383066
0 0.568365337334954 0.612550351297106 0.07339388720063222 0.0828004467296084
2 0.6765540896788762 0.6786518880907946 0.0675324944306972 0.11861732342559628
1 0.3576318191821145 0.697064622982326 0.16950359124838338 0.289356632078412
2 0.3563402018599727 0.7140006891325078 0.06946557948008031 0.13073653550306696
2 0.7944747166994789 0.6948788381634541 0.07693058794439267 0.16717169267207166
1 0.49892723815822937 0.7146179732576978 0.06949288370605616 0.3568942534976336
2 0.546857159145741 0.7328867442506525 0.05523031260000055 0.08917555583691983
1 0.6835604428732615 0.731366128660675 0.1120469393775958 0.39976908780626663
1 0.7970493019076497 0.7357443046160831 0.1133298801211925 0.4575707409390075
1 0.5977936516471267 0.7739193894106713 0.10183821118094061 0.38967178361713806
