0 0.35526283438362194 0.3820021228300732 0.0457010381214884 0.05192633742955832
0 0.358988557592781 0.49035670669240683 0.049796528566766196 0.05634550934652233
0 0.5409302764403348 0.4887071345015018 0.047314317555446794 0.05030404187610671
0 0.27686359689803464 0.5271828251279481 0.044709000471731486 0.051455698732517874
0 0.43941085564438487 0.5098352043707993 0.05135523889611715 0.053636194061804254
0 0.6393442293773683 0.4910628678108051 0.052431248581649714 0.06060226280303943
0 0.2104334817400199 0.5425868423395814 0.038549686021456336 0.049329352796540604
0 0.875301619676013 0.4803091229185159 0.05115661192434273 0.07379304434140393
0 0.7394611362547342 0.5322183940709169 0.04507556853118233 0.044289649102345785
0 0.808625383007208 0.5420173272608702 0.051011088344306676 0.07089420618010356
2 0.4604287216436262 0.6310243668171405 0.10357409628987535 0.2064616564206564
2 0.37281878869066953 0.6414959968726075 0.10231765082604155 0.22001480758892378
2 0.2899472696345231 0.6512585003880984 0.09593582021573277 0.20381052239432929
2 0.8964363496241188 0.6111414994256421 0.11080096332153644 0.19609479622297787
2 0.5571867683983176 0.6516012947682632 0.09611074523499974 0.212117741149077
2 0.20966857744727954 0.6931628591913137 0.091532558621716 0.21737404241650882
2 0.6474538403657357 0.6550452152304476 0.10007890180177725 0.21400041481516285
1 0.3783003678227417 0.7019208552576512 0.11666174250897571 0.48645913765286325
2 0.7449709356966396 0.6687966026310832 0.08399497111232856 0.19743782157522793
1 0.28342158107426746 0.7212173215181996 0.11544443555757425 0.4863238236085518
1 0.5525982084571488 0.6967487594935402 0.11796302746390286 0.4930900006192927
1 0.20742368290123486 0.7362277585200107 0.12083127471332625 0.4537716079695604
2 0.8235644191019671 0.6713524128439057 0.08750137733812191 0.19494510386374675
1 0.4671108956739327 0.7153651452640867 0.11560116789143055 0.49426864301391576
1 0.6475148537490008 0.7025906956678762 0.11843873970031815 0.48809810932957665
1 0.8998813930333409 0.674890112495791 0.12775184824461683 0.48553038563903844
1 0.7413198413167454 0.7131110293099359 0.1126976190528638 0.4316070793945141
1 0.8202253206930417 0.7072512625424304 0.08248867127585369 0.4037446500488302
0 0.42134452898824326 0.13288394807506645 0.051693881672768394 0.06520468004671702
0 0.5073475242163986 0.139170541372701 0.040417639180165166 0.05278017262276878
2 0.4324112307822855 0.25335783216562596 0.09761340582749978 0.18417840076611777
2 0.5157851114914205 0.2584792535481327 0.10591205697649503 0.17104803131119073
1 0.524328798504606 0.2994334270905525 0.10938836811822611 0.38980011977630585
1 0.4268334810697997 0.3153769663082279 0.12115300850346505 0.4264216482228743
