0 0.18642193808451463 0.0831232525802601 0.07226951857118122 0.09447031566336817
0 0.34962385476992297 0.16587608756478836 0.0783075214479429 0.10091031631528553
0 0.41889270900944325 0.2155540886406038 0.0756221485219194 0.10212176517331178
0 0.7563276150167699 0.33617481667161003 0.08197875615642058 0.09681053769637915
0 0.5248868049153828 0.2613049593279013 0.07633600778836402 0.10668709087208642
0 0.8451425243814729 0.37888717239213066 0.09763262031789788 0.11418585892941463
0 0.25190454740747237 0.1724100037961344 0.08658063483837303 0.11245131913224986
0 0.6242349210254843 0.35468899424418776 0.07705822376221194 0.0929210219854088
2 0.14896868294939258 0.27645155898619433 0.12473863021510048 0.23697170469401188
2 0.721725748023648 0.5010048404473796 0.12461518192808319 0.21320146741447438
2 0.5050739479531825 0.4367611378263677 0.11499102650148846 0.22059759086554065
2 0.38479206931792886 0.40283783170333304 0.11342317981803829 0.2243595305898548
2 0.8263470988529621 0.5811934393439862 0.1541381804752684 0.236538712064498
2 0.23624074479951557 0.3752168458446226 0.12401640427112459 0.25073779748683245
2 0.6035997219977899 0.5431015830175538 0.11431548214039844 0.23006618005114626
1 0.13993418299029317 0.3906774442487616 0.20336801285109912 0.7122317705190586
1 0.4966365448267296 0.534338834964058 0.22027449825866507 0.6319054471891515
1 0.3884540925256596 0.4974508277051286 0.19627586422232646 0.6622809811146164
1 0.7081935532338979 0.6106366294097616 0.2238823615505856 0.668766024485004
1 0.21381747658437977 0.4570324002709715 0.22610070062092577 0.7105297953884839
1 0.5869893383780567 0.6185346396839233 0.18572937030664288 0.6316051730143734
1 0.8226408995452472 0.657071421432106 0.25886612561497657 0.6858571571357881
