0 0.19889503717422485 0.2512255012989044 0.04419887065887451 0.026960790157318115
0 0.8674032986164093 0.27941176295280457 0.08011049032211304 0.07843136787414551
0 0.4019337296485901 0.3492647111415863 0.024861931800842285 0.031862735748291016
0 0.5580110549926758 0.3639705777168274 0.030386686325073242 0.031862735748291016
0 0.47237569093704224 0.3639705777168274 0.033149123191833496 0.036764681339263916
0 0.5214088559150696 0.3651960790157318 0.031767964363098145 0.039215683937072754
0 0.34737569093704224 0.36764705181121826 0.02900552749633789 0.029411792755126953
0 0.6098066568374634 0.375 0.040055274963378906 0.05882352590560913
2 0.1843922734260559 0.38848039507865906 0.05110502243041992 0.16421568393707275
0 0.6961326003074646 0.4007352888584137 0.04419887065887451 0.05147057771682739
0 0.7686463892459869 0.41911765933036804 0.051104962825775146 0.07352942228317261
1 0.3964088559150696 0.43504904210567474 0.038673996925354004 0.22794118523597717
1 0.34668511152267456 0.4583333432674408 0.04972374439239502 0.22058826684951782
1 0.18024861812591553 0.4681372568011284 0.08701658248901367 0.45588232576847076
2 0.46823203563690186 0.47181372344493866 0.04143643379211426 0.12009802460670471
1 0.45649170875549316 0.49142158031463623 0.08701658248901367 0.3063725233078003
2 0.5538673996925354 0.4938725382089615 0.030386805534362793 0.1397058665752411
2 0.6118784546852112 0.5073529332876205 0.0359116792678833 0.1666666567325592
1 0.5400552451610565 0.5171568393707275 0.07182317972183228 0.36764705181121826
2 0.8591160178184509 0.5183823704719543 0.09116017818450928 0.2720588445663452
1 0.7603591084480286 0.5404411554336548 0.07872927188873291 0.32598042488098145
2 0.6837016642093658 0.5441176295280457 0.08563536405563354 0.15686273574829102
2 0.764502763748169 0.5490196347236633 0.06491708755493164 0.15686273574829102
1 0.5925413966178894 0.5588235259056091 0.10220992565155029 0.406862735748291
1 0.6616021990776062 0.591911792755127 0.12707185745239258 0.43872547149658203
1 0.8466850817203522 0.601715698838234 0.14640885591506958 0.7475490272045135
