0 0.5501224627937582 0.46304730798957416 0.05823516313512134 0.06318341808801325
0 0.7463101196079264 0.49492063582628304 0.08635018021654961 0.07463655019729531
0 0.351191552344123 0.47695466508800044 0.03801531941230396 0.04433306381289781
0 0.46115055259194665 0.4970210575675729 0.04680935080758142 0.05499113768326802
0 0.6389751377371973 0.5247311346170351 0.05892654735517844 0.07707211591348267
0 0.39789166458008274 0.5087510005664364 0.05273966729674817 0.08189962026704928
2 0.3398438667101421 0.5929956927219524 0.07138491422910326 0.1613402704273662
2 0.5448032984350928 0.6258570509627004 0.10051249100398646 0.21157771547705329
1 0.33295786737646826 0.6473880831834977 0.07646759606995152 0.3925535315046099
2 0.4023612146711616 0.6894231383611658 0.08924500330215207 0.24345461173655625
2 0.6225089469473412 0.7156151396273129 0.11260511887384528 0.25161010181052224
2 0.7452441625725037 0.7308355664551123 0.13499276854015785 0.2955641174794429
1 0.5397662201824919 0.708390779509437 0.11985119783327164 0.5631697461651441
1 0.7527122770957748 0.7273603164676563 0.1495364043596733 0.5452793670646874
1 0.6250392251028821 0.7455481848546448 0.1358290844318497 0.5089036302907104
1 0.39541613333636727 0.7263506334014393 0.12103107515815587 0.5315377526481069
