0 0.8488888740539551 0.12041666731238365 0.13333332538604736 0.12416667491197586
0 0.34083330631256104 0.17666666209697723 0.1316666603088379 0.125
0 0.613611102104187 0.18333333730697632 0.12611103057861328 0.12166666984558105
0 0.12000000476837158 0.18708332628011703 0.1577777862548828 0.1524999886751175
1 0.871388852596283 0.5304166674613953 0.24833333492279053 0.9391666650772095
1 0.35083335638046265 0.5529166609048843 0.24500000476837158 0.8941666781902313
1 0.12166666984558105 0.5554166585206985 0.21000003814697266 0.8891666829586029
2 0.8713888823986053 0.5583333522081375 0.2294444441795349 0.5666666924953461
1 0.6194444298744202 0.5595833212137222 0.24444448947906494 0.8808333575725555
2 0.6183333396911621 0.6100000143051147 0.22777771949768066 0.5249999761581421
2 0.3424999713897705 0.6333333253860474 0.22055554389953613 0.5216666460037231
2 0.10916668176651001 0.6904166787862778 0.20944440364837646 0.6191666424274445
