0 0.09862623663384942 0.12118563659407894 0.0673440931662444 0.11635864991358262
0 0.9386747658715565 0.2030116913965392 0.05909209772918689 0.11850938942152883
0 0.7073267190087786 0.247721210254402 0.054301353277673936 0.12344925596618189
1 0.6420659592058662 0.29279827283085796 0.1874035087334045 0.2641958864366384
2 0.620536448577771 0.3089941198633108 0.12272057587372731 0.21732886486317754
1 0.8949908547435789 0.32829492195367654 0.1595382965743959 0.4013703064636035
2 0.8834094149035201 0.3341771763652311 0.1213519081509884 0.2510607525033216
2 0.09184506709782517 0.34444534142549627 0.10981467391196675 0.3171780069032325
1 0.10080560879543514 0.3913965302074645 0.15524784180054377 0.6897917006544004
0 0.33509189874036727 0.44541776079063067 0.06945163867191023 0.15374729428863776
1 0.28621107998244294 0.6737648769339761 0.1767947650907853 0.610350630637525
2 0.2985160294817365 0.7109109716420285 0.14981643334429412 0.37483549230361435
