0 0.20877226390732148 0.31719466662507856 0.07864417159799786 0.07757163019436503
0 0.5580590300246107 0.2627368798510235 0.07086125069821636 0.06329617427544423
0 0.783084949698683 0.24555167479032047 0.0778699336123363 0.06874289162749955
0 0.4361310438994091 0.30747651637683093 0.0772891639190868 0.06212133808055459
0 0.35983299885409037 0.32720302529265033 0.0658950332593467 0.06252188438932599
2 0.5930555439892091 0.4608805818049356 0.13727670492456556 0.2434573746268477
2 0.46602116827712536 0.49522956148719277 0.13680278873389545 0.21943645786864457
2 0.3461991445297017 0.5161485465314788 0.11429481250916435 0.24205125684154816
2 0.8041941593248301 0.4671155674562693 0.1332784009682353 0.25371904063305284
2 0.2034820007682569 0.5630107439930908 0.16441029436780816 0.3108209262149111
1 0.6241572952222771 0.5667809504583807 0.2172886815150814 0.6717398860900766
1 0.4937688138624319 0.5915846878695419 0.1948875561969492 0.6769552922510839
1 0.8224066244799111 0.5504144941015663 0.2083242115332159 0.681227182638403
1 0.35728606621209236 0.6330002294879129 0.17259325737673908 0.664771360186394
1 0.19953026818969483 0.6422571066778939 0.22453754470241208 0.7154857866442121
