0 0.7762936089207998 0.18185513959700492 0.10147465807981981 0.11334053341964195
0 0.4991245314384444 0.2452487582198017 0.08592821959689706 0.08873687736250288
0 0.624219169263702 0.24678741987324243 0.08386769332625188 0.08598950418967044
0 0.38933027896118894 0.2564221658696071 0.07605595468225912 0.09365770051042158
0 0.25476311637665666 0.2779494602233903 0.09198692310215398 0.0916482937870641
2 0.7772228062441549 0.46061553566832514 0.17852946774751255 0.380126621580864
2 0.24156849805208908 0.4865890742522696 0.1445150861113729 0.29085623571826824
2 0.5105028183701256 0.4782257623045939 0.12489349357078011 0.3060286918105736
2 0.3865922200653228 0.48464232681615826 0.13033715317386313 0.2822860445904283
2 0.6287545130733191 0.48671493186724607 0.13719533664619732 0.3198477554703768
1 0.7873407352504522 0.5522440471133316 0.1980257863343099 0.8788854491442194
1 0.37512027773741435 0.5944979778522195 0.18126503838172026 0.7583682058597244
1 0.5136777568028509 0.593018156468142 0.1636269357122544 0.8139636870637158
1 0.23840028045414777 0.6094437338492776 0.18695463213862945 0.7452871806762429
1 0.6314604434191624 0.6039927713633227 0.129966064906459 0.7855557408851108
