0 0.44599997997283936 0.3222222328186035 0.07333338260650635 0.10555553436279297
0 0.26200002431869507 0.3291666805744171 0.0679999589920044 0.10277777910232544
0 0.140666663646698 0.3499999940395355 0.0679999589920044 0.09444445371627808
2 0.4233333468437195 0.5944444537162781 0.10533332824707031 0.33888888359069824
2 0.26266664266586304 0.6027777791023254 0.11466670036315918 0.28888893127441406
1 0.4126666784286499 0.6388888955116272 0.12666666507720947 0.7222222089767456
1 0.2566666603088379 0.6416666656732559 0.13733339309692383 0.7166666686534882
2 0.1313333511352539 0.6430555582046509 0.11599993705749512 0.3472222089767456
1 0.12133336067199707 0.6444444507360458 0.13333332538604736 0.7111110985279083
1 0.5893333256244659 0.658333346247673 0.12266665697097778 0.6833333075046539
1 0.6879999935626984 0.6708333343267441 0.12266665697097778 0.6583333313465118
1 0.8039999902248383 0.6958333253860474 0.1600000262260437 0.6083333492279053
1 0.4913332760334015 0.7361111044883728 0.15066665410995483 0.5277777910232544
