0 0.162109375 0.3367496430873871 0.060546875 0.0644216537475586
0 0.8505859375 0.3718887269496918 0.0625 0.05856513977050781
0 0.759765625 0.38067349791526794 0.060546875 0.07613468170166016
0 0.24609375 0.3982430398464203 0.048828125 0.05856513977050781
0 0.5869140625 0.3982430398464203 0.05078125 0.05270862579345703
0 0.4345703125 0.40849193930625916 0.046875 0.0614933967590332
0 0.67578125 0.41142019629478455 0.056640625 0.04978036880493164
0 0.3408203125 0.4172767102718353 0.04296875 0.05563688278198242
0 0.51953125 0.43631038069725037 0.044921875 0.04685211181640625
2 0.15234375 0.510980948805809 0.095703125 0.23718884587287903
2 0.8671875 0.5183015912771225 0.107421875 0.22254756093025208
2 0.765625 0.544655904173851 0.095703125 0.2166910469532013
2 0.2451171875 0.5490482896566391 0.08984375 0.2430453598499298
2 0.6845703125 0.5666178315877914 0.0859375 0.23718884587287903
2 0.5966796875 0.5724743455648422 0.09765625 0.26061490178108215
2 0.33740234375 0.5739384740591049 0.0888671875 0.22254756093025208
2 0.435546875 0.5959004014730453 0.091796875 0.2781844437122345
2 0.5234375 0.5959004014730453 0.076171875 0.21961930394172668
1 0.1298828125 0.6061493307352066 0.14453125 0.6325037181377411
1 0.86328125 0.6193264722824097 0.107421875 0.5710102319717407
1 0.59765625 0.631039559841156 0.099609375 0.5417276620864868
1 0.251953125 0.6339678168296814 0.119140625 0.5183016061782837
1 0.7685546875 0.6339678168296814 0.09765625 0.5534406900405884
1 0.51171875 0.6383602023124695 0.076171875 0.4802342653274536
1 0.42578125 0.6486091017723083 0.115234375 0.5534406900405884
1 0.3388671875 0.650073230266571 0.078125 0.5270863771438599
1 0.6826171875 0.6530014872550964 0.09765625 0.5153733491897583
