1 0.41705567234694907 0.5384929415809508 0.17810089505605475 0.5249198579713519
1 0.8232377022126275 0.3642043250267507 0.1789056337776942 0.666510720680966
2 0.5790962592808857 0.6484942950531022 0.11292157717947637 0.2542350656837402
1 0.5669238381524374 0.6539251939774149 0.1618492804338516 0.3444601546713505
0 0.7951312219489142 0.09190357450555005 0.06531201410609522 0.0873202881948146
0 0.348420563073494 0.36526851498389895 0.03574740686935024 0.08700925049655805
0 0.47969815563619467 0.30744019278299106 0.041737327636562904 0.07324908529662938
1 0.26303640998461336 0.46652420687068163 0.08720339591923568 0.27207276439967315
2 0.5287686167101995 0.35564233715721394 0.07134425474643269 0.14996857229582344
2 0.4155821980194224 0.41084813687590477 0.08801355311970616 0.19693294256945848
2 0.8198516150156704 0.24954950627640463 0.09645305809319904 0.23933724557580421
1 0.5422544901265327 0.4033736232986585 0.1732436150049267 0.3539850931585974
