0 0.5495833158493042 0.23245614767074585 0.04916667938232422 0.06641602516174316
0 0.6045833230018616 0.23433583974838257 0.07083332538604736 0.09022557735443115
0 0.2554166913032532 0.27694234251976013 0.047500014305114746 0.06516289710998535
0 0.18666666746139526 0.28947368264198303 0.0549999475479126 0.07518798112869263
0 0.34291666746139526 0.30263158679008484 0.05416667461395264 0.07393485307693481
0 0.4449999928474426 0.3114035129547119 0.06166660785675049 0.07894736528396606
0 0.10166668891906738 0.3314536213874817 0.06833338737487793 0.08897244930267334
2 0.34041666984558105 0.4404761791229248 0.0808333158493042 0.12406015396118164
2 0.44958335161209106 0.44548872113227844 0.08249998092651367 0.1416040062904358
2 0.1979166865348816 0.448621541261673 0.08249998092651367 0.17293232679367065
2 0.6112500131130219 0.45614033937454224 0.11416667699813843 0.24310779571533203
1 0.629583328962326 0.5025062561035156 0.13749998807907104 0.6315789222717285
2 0.10333335399627686 0.523809552192688 0.08333337306976318 0.22807013988494873
0 0.23583334684371948 0.5256892591714859 0.06499993801116943 0.08145365118980408
0 0.3512499928474426 0.5307017713785172 0.06583333015441895 0.0839599072933197
0 0.43958336114883423 0.5526315569877625 0.06749999523162842 0.09774434566497803
0 0.5012499690055847 0.5714285969734192 0.08416664600372314 0.11027562618255615
1 0.10208332538604736 0.6102756857872009 0.12249994277954102 0.6516290903091431
1 0.3454166650772095 0.7105262875556946 0.09749996662139893 0.44611525535583496
1 0.22291666269302368 0.7249373197555542 0.13416671752929688 0.4924812316894531
