0 0.5745580637987276 0.19628715956961562 0.07124179791559038 0.0956679648969152
0 0.19487172312900175 0.1722159822374858 0.07697360227295999 0.10078014707505531
1 0.5890075278940047 0.28636962222977547 0.17333662148351103 0.3446285437356593
2 0.18170654500091407 0.2590522647840324 0.09416889433521525 0.11611664333236021
1 0.19022099451788235 0.29238066341127045 0.1759556343235989 0.36460028388490273
0 0.7009708218113126 0.44076071048677745 0.07895107999945117 0.08982965450470093
2 0.7978470602507903 0.49116173752160397 0.1502113412893359 0.1937168223948061
1 0.7522820130306604 0.5595869132798232 0.24670099216822539 0.3667247656398945
0 0.2927746460641008 0.6053679528730427 0.09283826509087859 0.11793748334311416
2 0.2761851888237394 0.6873594554525069 0.11218267705393614 0.15624441283263935
1 0.2884631744879581 0.7011839576187395 0.16919155261570545 0.3243894713936769
