0 0.4480774460671144 0.5438065870842271 0.0778092604756711 0.06359252532609139
0 0.27574714499879605 0.5300899044272774 0.08505803643393658 0.08530349626222594
0 0.1399971409990991 0.5074965811535095 0.07242538621532847 0.0694638077767199
0 0.8345005591264231 0.6484949718308006 0.06834578716331885 0.05398603643479416
2 0.4191257489412591 0.7303451030865008 0.1315095707610437 0.24561421025446384
2 0.8078339410554194 0.7984050823177498 0.12279893369652084 0.23500376141169343
2 0.11470483019922514 0.6882105524926949 0.1498676020962652 0.2590493915090112
1 0.2686114064624629 0.7233870256377011 0.20861946731479672 0.5010094197874836
1 0.42158124868748414 0.7501709331962656 0.1765520962776323 0.49539465619086476
2 0.23952053944088875 0.7188811841447571 0.09502116768717606 0.22105491303062508
1 0.10998614131204794 0.7003148975881629 0.1912419477186996 0.4888815789623293
1 0.6356655623510729 0.7769755571700314 0.2147124212770477 0.44604888565993706
1 0.7989918474333821 0.8029127275284892 0.16002359806073285 0.3941745449430216
