0 0.13508466848388131 0.08525882105131319 0.09606332143220786 0.14418189875182114
2 0.6479777036647103 0.40681717904056264 0.1387781762444088 0.33894940836053566
0 0.8248833774658144 0.5309302385322953 0.05215392063108304 0.09225157866548667
2 0.12170661437566288 0.35115759037879557 0.19911854994854017 0.4044542302870764
2 0.7743807258495622 0.5409560516887577 0.18762264747941493 0.5190906679265859
1 0.772445312305968 0.5432922206163302 0.201767286375509 0.7640012815237779
1 0.6338689096300338 0.522433433083638 0.18876214270304847 0.7966731970810647
1 0.1254690222618209 0.45013258424622804 0.2509380445236418 0.9002651684924561
1 0.8318257629639524 0.7439941609496569 0.17653407125849596 0.5120116781006863
2 0.8275820368520204 0.7486687084693397 0.13777206564007027 0.284306517154871
0 0.6714176603648208 0.18956715652491896 0.06378665767262859 0.10088364942795319
0 0.7873035512963634 0.2271354796316555 0.07487523532606799 0.10392958698103
