0 0.2849462628364563 0.2664233520627022 0.05180835723876953 0.06861315667629242
0 0.4330400824546814 0.3102189898490906 0.04496574401855469 0.051094889640808105
0 0.8255132138729095 0.363503634929657 0.042033255100250244 0.04671531915664673
2 0.269305944442749 0.41459856927394867 0.09090912342071533 0.18394163250923157
2 0.436950147151947 0.43357664346694946 0.07233631610870361 0.15182483196258545
2 0.5508309006690979 0.45766423642635345 0.07526886463165283 0.1649635136127472
2 0.7561094760894775 0.46496349573135376 0.05180835723876953 0.15036499500274658
1 0.2683284282684326 0.48175184428691864 0.10459434986114502 0.49927011132240295
2 0.8279570043087006 0.4832116514444351 0.06060606241226196 0.11094889044761658
1 0.4330400824546814 0.4978101998567581 0.11143696308135986 0.43795618414878845
1 0.7482893466949463 0.5116787999868393 0.07526874542236328 0.37226274609565735
1 0.8352883458137512 0.5124087333679199 0.0850440263748169 0.36788320541381836
1 0.539100706577301 0.5182482004165649 0.10654938220977783 0.42627739906311035
1 0.6275659799575806 0.5372262597084045 0.06647109985351562 0.3591240644454956
