0 0.2952499985694885 0.11353383585810661 0.05349999666213989 0.05714286118745804
0 0.4494999945163727 0.13984961807727814 0.022000014781951904 0.04962405562400818
1 0.281500019133091 0.1718045175075531 0.08100001513957977 0.1962406039237976
2 0.5680000185966492 0.2165413498878479 0.04900002479553223 0.0827067494392395
2 0.4167500138282776 0.2296992465853691 0.051500022411346436 0.1315789371728897
1 0.06025000102818012 0.24849623441696167 0.07350000366568565 0.2142857313156128
0 0.6604999899864197 0.25526315718889236 0.09399998188018799 0.08496241271495819
1 0.5705000162124634 0.28458645194768906 0.07400000095367432 0.3015037328004837
1 0.4192500114440918 0.29548871517181396 0.08649998903274536 0.37593984603881836
0 0.34325000643730164 0.30676692724227905 0.044499993324279785 0.0827067494392395
2 0.7735000252723694 0.34248119592666626 0.14499998092651367 0.20676690340042114
2 0.23024999350309372 0.35413533449172974 0.14349998533725739 0.2075188159942627
1 0.2575000002980232 0.5037593841552734 0.22500000894069672 0.4992481470108032
1 0.7379999756813049 0.5296992808580399 0.26899993419647217 0.6488722264766693
