0 0.2594159159456682 0.5849776333717698 0.054528018957440194 0.06235704037240486
0 0.7998585272315847 0.4638317673159693 0.06762602948174545 0.09666967674151422
0 0.6793846453405767 0.4919110952331011 0.08139265405755847 0.1256217245206025
0 0.39209360961227224 0.571396085629774 0.07142025730542162 0.11042572939917561
0 0.5585184278381472 0.5412779156544049 0.06326481668411998 0.07726504934869105
0 0.07980642922872341 0.6538167284058732 0.06221816260176493 0.07885999609513528
0 0.4442663742869052 0.5746513049043251 0.038944497170205206 0.05136969125496438
0 0.19313571948370606 0.6553428775126262 0.06175285675358863 0.062202183388260335
2 0.5736015760868272 0.6726464122937701 0.08325398050375865 0.1922528555147477
2 0.27324193643145417 0.7542139772704025 0.11383973476346362 0.23248032693553733
2 0.104193339589525 0.802285960399697 0.09133642142859857 0.18862020926622203
2 0.46946004673497843 0.7248593794772207 0.09607557120357607 0.21179059833597658
1 0.3922260656166537 0.7494856555273568 0.18059520783614136 0.5010286889452865
1 0.7095430713708026 0.685281005746049 0.17383579372699665 0.5296412126172169
1 0.48075541138339695 0.7492034958810454 0.1280588267888379 0.45829090794655836
1 0.27178865411416964 0.7733661756374846 0.1612031479702814 0.4532676487250308
1 0.8245876032570079 0.6786996837965971 0.18154025058333667 0.5222429087979973
2 0.8214477057325315 0.6852122670257716 0.13071759802294936 0.304450232311961
1 0.5705640465251425 0.749467507411254 0.14971877945934697 0.48172742376688715
2 0.19255590202527448 0.8385348588324087 0.06527213956617689 0.2174828034811498
1 0.11836729295459446 0.8109143764833286 0.14829418839963984 0.3781712470333427
1 0.20286258077905842 0.8077017550379022 0.11522280503817767 0.3845964899241956
2 0.3936220302523302 0.8070868746008117 0.11703828635561314 0.2883902512899331
2 0.7033362730612447 0.7368274408449041 0.14601055170365662 0.32456387078241344
