0 0.7068750262260437 0.4166666567325592 0.06375002861022949 0.06818181276321411
0 0.5006250143051147 0.4583333432674408 0.03125 0.045454561710357666
0 0.4543749988079071 0.47632575035095215 0.046249985694885254 0.04356062412261963
0 0.5849999785423279 0.47632575035095215 0.029999971389770508 0.03598487377166748
0 0.6318749785423279 0.4895833283662796 0.046249985694885254 0.04356059432029724
0 0.21687500178813934 0.4999999850988388 0.058750003576278687 0.04924240708351135
0 0.3631249964237213 0.5066288113594055 0.041249990463256836 0.0625
2 0.5774999856948853 0.5511363744735718 0.047500014305114746 0.09848487377166748
2 0.5037500113248825 0.5672348737716675 0.04499998688697815 0.13068175315856934
2 0.7181249856948853 0.5814393758773804 0.11874997615814209 0.22348487377166748
1 0.5881249904632568 0.5842803120613098 0.06375002861022949 0.2670454978942871
2 0.4625000059604645 0.595643937587738 0.0625 0.1723484992980957
2 0.6237499713897705 0.5994318127632141 0.0625 0.13825762271881104
2 0.3618749976158142 0.6164772510528564 0.06124997138977051 0.14962124824523926
2 0.2149999961256981 0.623106062412262 0.08749999105930328 0.17803025245666504
1 0.5118749737739563 0.625 0.07375001907348633 0.3712121248245239
1 0.7225000262260437 0.6259469836950302 0.12749993801116943 0.5056817829608917
1 0.6262500286102295 0.6382575631141663 0.07500004768371582 0.3598484992980957
1 0.46437497437000275 0.6429924368858337 0.08374997973442078 0.3958333730697632
1 0.35874998569488525 0.6590909361839294 0.07749998569488525 0.3712121248245239
1 0.21250001341104507 0.6770833134651184 0.10000000894069672 0.41477274894714355
