0 0.6372380763107537 0.3101465833082807 0.03510515384196544 0.07142075233512651
1 0.6294540508986881 0.40645116604646014 0.06303639148520113 0.2377999539482732
2 0.7454670651687445 0.44165934623378705 0.05372456517478241 0.16893535200602827
1 0.745077958295894 0.5011380782742836 0.09079728483465499 0.4609028627949613
0 0.6395679459172248 0.5515916709420603 0.036871389894219564 0.0671887389960194
2 0.8533025268256571 0.6739968808707787 0.08099998579479095 0.2617989539525951
2 0.637668293011525 0.6933381679649218 0.05796516155105491 0.17486443040111965
1 0.8406309290346459 0.7167209158358 0.13051046636791397 0.5665581683284
1 0.6412814628374683 0.7605489740727063 0.09504224088815705 0.47890205185458745
0 0.74895589455375 0.3088745141186501 0.03345707395236208 0.07805160127994021
