0 0.36040065505895763 0.3814510773060907 0.04215708289782316 0.04982583896513815
0 0.7029683827227928 0.424590899042074 0.0381895879177262 0.04792935607868387
0 0.491756052161082 0.40853225822724937 0.04154226732494498 0.057040061183547375
2 0.699230916065223 0.5706818809735213 0.07938698275835165 0.1966899439240532
2 0.3532947224998767 0.5463099405310456 0.09089010914905554 0.21398685596795863
2 0.48809474394183794 0.5730368525083764 0.09558448327134078 0.19120361198228109
2 0.6196656038977834 0.5957246733769395 0.05832856723429458 0.16231213955763957
1 0.3456241173585418 0.6028836164937186 0.12682412441392582 0.5121821048818106
1 0.6966856092961828 0.6425480505369858 0.11835482112263895 0.47774379207031725
1 0.4864112871304493 0.6273296115830741 0.12791010879835996 0.4948246546712099
