0 0.3988020073703732 0.18039609241602123 0.08680037400940993 0.09971892853227807
0 0.2965534092295103 0.1672711347651531 0.11110324814215747 0.12654466887773524
0 0.6679728793465703 0.25192119930575574 0.09318979578206332 0.13022061780155167
0 0.5986417985634221 0.27953639559207843 0.06574090330520876 0.09545598284967433
0 0.7890031944684154 0.35782647002425844 0.10948949119641616 0.1627284293918998
0 0.5004702634104995 0.319298586652248 0.09068376469060974 0.10233054400199199
2 0.6774395492072756 0.4904822476770928 0.1569295935473075 0.36583659607346947
2 0.2311694660020402 0.4597808973343622 0.17296460248522297 0.38186116188981645
2 0.7828730234682523 0.6225742990746164 0.20188852702411175 0.4059712097493223
1 0.2351487921401697 0.5277935197717458 0.2357218324328486 0.8637235227166704
1 0.6537745065151008 0.5934054304350233 0.19343606086446663 0.8131891391299534
1 0.3607183727425606 0.555104997750018 0.16973201006779065 0.8467145415674411
1 0.5635449680232606 0.5936961432693837 0.15319598167496556 0.8126077134612326
1 0.7886900787705482 0.6337601506622437 0.23533076689387233 0.7324796986755125
1 0.4521298213518028 0.6241523410697837 0.21133350554776387 0.7516953178604328
