0 0.22960560959083698 0.13487203875780013 0.1057461338167385 0.10461477973831891
0 0.36880013630497877 0.25364454425187033 0.07528548159343301 0.08205765628944056
0 0.6174032211520323 0.3311789720388337 0.05714533675883593 0.07026843942103578
0 0.4898447762073369 0.35301640337829887 0.0649048564347629 0.07163022593856888
2 0.1657486139111901 0.38605958064789714 0.2367560630447049 0.3857762425324809
2 0.5717609469253659 0.47500375242618703 0.11631487087669534 0.21547439095113619
1 0.5702946978700134 0.5189701998754561 0.16139265487800497 0.49876614983096135
2 0.3242186637105877 0.48462888366231743 0.1396777450334616 0.29415678638319853
2 0.443355842747855 0.5202785700240062 0.12964747347833067 0.2637110091858143
1 0.1566656052388458 0.5023955581674107 0.28266422122442897 0.8757491612721674
1 0.43920684900195006 0.5608259484612153 0.1864878154091491 0.5261187019274415
1 0.3163748265946189 0.5599068424007654 0.22623907331598772 0.7166821372611264
