0 0.6597737904332808 0.4305302328969315 0.04696928576479731 0.05470804062189766
0 0.8107556403441976 0.42049156495718837 0.06910502853479705 0.0812532430371109
0 0.4583167289206609 0.5292210480725767 0.02999378231505906 0.029104897754614
0 0.4054120262450328 0.5558177666777302 0.042233927709146635 0.04146622926354537
0 0.3284853319910641 0.5873838598044383 0.02198217649481543 0.03326843100960619
1 0.2914375139159765 0.623352008636114 0.050097736652487734 0.1509224248736335
1 0.32076576952223135 0.6401940640688453 0.08356744053578763 0.1727852636906525
1 0.4647599995977719 0.6559632546608097 0.11238937487144934 0.2973194682643425
2 0.8155175521818991 0.5948530305045487 0.14649873514975553 0.2596628117664222
1 0.38970686456890447 0.6801780669967663 0.1274810109368793 0.3045752875846004
1 0.6727804695056467 0.6425214351450749 0.17736397549091887 0.5027174854896168
1 0.8243204366131722 0.659249627577915 0.21852313765860665 0.59124655394275
