0 0.4403846263885498 0.20083682239055634 0.05153846740722656 0.071129709482193
2 0.38846153020858765 0.2871339023113251 0.11076921224594116 0.15585774183273315
1 0.4080769121646881 0.36401672661304474 0.1284615397453308 0.41422590613365173
2 0.14923075959086418 0.3697698712348938 0.08769229799509048 0.16631799936294556
1 0.13615384697914124 0.44299162924289703 0.1230769157409668 0.42154809832572937
2 0.8246153593063354 0.446129709482193 0.12461543083190918 0.22698742151260376
2 0.5903846025466919 0.45449790358543396 0.11769235134124756 0.23117154836654663
1 0.7219230532646179 0.5041841268539429 0.08846151828765869 0.5062761306762695
1 0.5926923155784607 0.5387028902769089 0.1623077392578125 0.5836819708347321
1 0.822692334651947 0.5606694668531418 0.13923072814941406 0.6108786165714264
