0 0.7212499976158142 0.2745591998100281 0.04583334922790527 0.07304787635803223
0 0.46583330631256104 0.2877833843231201 0.04833328723907471 0.059193968772888184
0 0.8179166615009308 0.3154911696910858 0.04083329439163208 0.07178843021392822
2 0.7070833444595337 0.369017630815506 0.07916665077209473 0.1209067702293396
2 0.44875001907348633 0.377833753824234 0.07583332061767578 0.11335009336471558
1 0.6974999904632568 0.39042822271585464 0.09000003337860107 0.32241813838481903
1 0.8516666889190674 0.42191436886787415 0.10166668891906738 0.30478590726852417
1 0.45333331823349 0.42758188396692276 0.07833337783813477 0.36397986114025116
2 0.5420833230018616 0.444584384560585 0.08749997615814209 0.17380353808403015
1 0.5466666519641876 0.494962215423584 0.1083332896232605 0.4005037546157837
