0 0.23669947481492754 0.3366228602662231 0.0674115040301099 0.07486957433164304
2 0.3285519604164516 0.4817720418647052 0.09626537797037732 0.1677294879264214
2 0.21725945349701656 0.4725218626549678 0.06213514670481424 0.19236086979974576
1 0.2242576817155123 0.5280041323046976 0.120861977147113 0.4496032778002489
2 0.5296648796009872 0.5623824590946274 0.11680342171107028 0.2597812276416905
1 0.32488590293328745 0.5424810161786894 0.1308527190342148 0.4412581087256215
2 0.09488983298250282 0.526391978391874 0.1751671202463744 0.36482520210721286
2 0.4070258348419159 0.6224895189408544 0.12184575314486196 0.3285894545228377
1 0.10828136392750085 0.5987227033423622 0.2165627278550017 0.7434855769145379
1 0.5310907862043995 0.6502045156617609 0.12203341024317965 0.6205125341551736
2 0.855343433121065 0.6832827731870398 0.20513940410304643 0.33978967092392076
1 0.8644967799289061 0.6888696423895018 0.23476062066706338 0.5942034501141924
1 0.42066504169467733 0.6692225148159401 0.1528138763290542 0.6141878142307116
