0 0.21966665983200073 0.27250000834465027 0.03799998760223389 0.04500001668930054
0 0.28299999237060547 0.3255000114440918 0.03799998760223389 0.05500000715255737
1 0.2083333283662796 0.3944999873638153 0.07400000095367432 0.28700000047683716
0 0.42100000381469727 0.4129999876022339 0.029999971389770508 0.06000000238418579
1 0.2863333225250244 0.48099999129772186 0.0820000171661377 0.33799996972084045
0 0.45500001311302185 0.6000000238418579 0.05533331632614136 0.0700000524520874
1 0.39633333683013916 0.6370000392198563 0.07133334875106812 0.3760000169277191
0 0.609333336353302 0.6464999914169312 0.053333282470703125 0.06700003147125244
0 0.7893333435058594 0.7179999947547913 0.06666672229766846 0.08000004291534424
2 0.45133334398269653 0.737500011920929 0.06933331489562988 0.1629999876022339
1 0.45399999618530273 0.7434999942779541 0.08799999952316284 0.3229999542236328
1 0.5989999771118164 0.762499988079071 0.09399998188018799 0.2630000114440918
2 0.609333336353302 0.777999997138977 0.05200004577636719 0.15199995040893555
1 0.8116666674613953 0.8019999861717224 0.11000001430511475 0.2200000286102295
