0 0.3700000047683716 0.34248554706573486 0.038181841373443604 0.037572264671325684
1 0.668181836605072 0.3439306393265724 0.11454546451568604 0.38728325068950653
0 0.12363636121153831 0.3439306318759918 0.04363635927438736 0.052023112773895264
0 0.18090909719467163 0.3554913401603699 0.027272731065750122 0.04624277353286743
0 0.45818182826042175 0.35982659459114075 0.03636366128921509 0.04913294315338135
2 0.12636363878846169 0.445086732506752 0.04545455425977707 0.13872835040092468
1 0.11909090727567673 0.5 0.06727273762226105 0.3815028667449951
1 0.18727272748947144 0.5014451146125793 0.07636362314224243 0.32658958435058594
1 0.37909090518951416 0.5043352991342545 0.09272730350494385 0.35549136996269226
1 0.4699999988079071 0.5303468108177185 0.07818180322647095 0.378612756729126
