0 0.5501325789599565 0.3491486046938469 0.06671305849988107 0.09121115799234264
0 0.8163343661288696 0.3393770964220274 0.07450020159047366 0.0916934564729952
0 0.2937156948349946 0.39189282331228303 0.05567678381443325 0.05926839427380387
0 0.44946359627422294 0.4135866954344795 0.06513512653646836 0.07771659026465272
0 0.6726303428548482 0.427747086010996 0.06119492053551423 0.07523974634999542
0 0.15443752661349486 0.4743922596842562 0.0595703851428072 0.05950954535875186
2 0.5728056692180199 0.5637675089050903 0.12009159017243487 0.28877090628999924
2 0.8066309927961812 0.5593590944759628 0.11151115626662222 0.2502818265533069
2 0.2939329219012067 0.6202147185273637 0.12662762904758812 0.291408493960283
2 0.4440460257116934 0.6209910544038049 0.09394767044987323 0.2782204512335266
1 0.5611336641261366 0.6271707398407023 0.148510284258413 0.6567105237922763
2 0.6813959330020652 0.6297958641550538 0.11549802650631169 0.2549943669869167
1 0.2935683190894337 0.6650090040480698 0.18025690038018777 0.6251847217999695
1 0.4430091758379232 0.6647076227166226 0.13037817853145112 0.5953018252437521
1 0.8031894401304145 0.6435190991863559 0.14128311016772022 0.6830564941898225
1 0.689929762235298 0.6650846467222452 0.12175102206403277 0.5545771048650192
1 0.16376311647615316 0.7032693495365079 0.12800707675005762 0.5438005729877424
2 0.16135405875674355 0.7123728868809972 0.11249104447062956 0.2972313901959138
