1 0.40009529783777886 0.48478064811667204 0.11689737955222773 0.28976406326665194
1 0.551298742726998 0.49303902516069625 0.256216379852038 0.5682159650036905
2 0.5762716433659352 0.49733021778346903 0.18936780999074687 0.28703422929010547
2 0.9162279573059979 0.5066657896406856 0.10390926810787993 0.21563786580881883
1 0.9112153954365938 0.5085311279936604 0.1649607131661992 0.37612337127476314
0 0.35218150656568276 0.16882152981780765 0.10102362645914398 0.15723516661510317
2 0.1716379958091559 0.24959216524872313 0.2222776768001001 0.34980821549310737
0 0.4739933811347967 0.2738906155355938 0.12073960246817211 0.11475617419714698
0 0.8533687556976313 0.37141076817380053 0.06035694003357239 0.05543266467278807
0 0.4008541086680809 0.37000072499533365 0.06043404763516419 0.06710519827299494
1 0.20267375971811777 0.3687633764596397 0.40534751943623554 0.6134173507252144
