0 0.48852997880499227 0.2593022105404932 0.06858073310878782 0.08943483862891916
0 0.15228812540406528 0.21936055066207272 0.06494708815365892 0.08565042897630049
0 0.7791824926629713 0.3048554663622251 0.07238799508534322 0.09654103012304083
0 0.6330191417287865 0.2880993014082075 0.08098141518503854 0.10318762502050599
0 0.3257568668701301 0.24701507281054103 0.08213416827021447 0.09894369508778925
2 0.4812391793388143 0.4255750181488456 0.1090891612859946 0.2597790413943486
2 0.619211811072465 0.4523858012432032 0.12171526914945319 0.23837741781766975
2 0.30252037773465035 0.4117132611157027 0.13918962291772158 0.24401247753325217
2 0.780625857963513 0.4906933548255834 0.11041730162196106 0.2720513406111982
1 0.47528437833616255 0.5262423377556823 0.18896094022423499 0.657489260360482
1 0.7813929536583788 0.56940231319027 0.18330705570631733 0.6413400399503633
1 0.13174726226135514 0.48588273515199887 0.19103901589001324 0.6709613907844838
1 0.6198024249590853 0.5544858539154929 0.1868848191853647 0.6572117198660052
1 0.3065133381507295 0.5153831920244438 0.1765621471725388 0.6569309371611396
