0 0.6067413378408977 0.22138885488941817 0.03776691665692322 0.06801911131299865
0 0.36743106650502017 0.31526020418310263 0.04728675336544619 0.06238356451540589
0 0.4552487161872362 0.3060876852967914 0.03286427388065949 0.05784054772511543
2 0.4794050049662766 0.3100346232246356 0.060198703763224726 0.08803640375476635
1 0.4842010415237079 0.3605260627816036 0.1022272291661806 0.20704491392922447
1 0.574469957159023 0.3552038487377662 0.11947314829522604 0.38947965699888076
0 0.6481357163117026 0.3343106689570697 0.04553398905573114 0.08125852071014517
0 0.30986323146813205 0.4408649947897866 0.05388533576185739 0.08820628419657667
0 0.3973389038551839 0.44104505231735713 0.055681079243910026 0.09308906187048788
0 0.9055466805322305 0.4011446948082259 0.06092564705751269 0.0947411056742567
1 0.6735473664708951 0.4811571093038409 0.1328696863628981 0.41960226567209163
1 0.41584602143040295 0.6305125284004701 0.14154935656971573 0.476300517299824
1 0.7827426609947692 0.5253421492220993 0.1194730310707458 0.38947962007369175
0 0.25442027581987847 0.729896249276488 0.045975591198872706 0.06197049766310492
0 0.20865173127091383 0.7454687400233495 0.04339633006796201 0.08490235073870867
1 0.9022345170507191 0.5581945964409808 0.11503961650542915 0.24345926405057955
0 0.5341342345716924 0.7273023487683195 0.053301126421194 0.09449800718212609
1 0.1624278626404724 0.844388200096641 0.16141383702952078 0.262384063410234
1 0.28955796444828363 0.8101207998390856 0.1324691914225223 0.2640594451742182
1 0.5808865276424126 0.7645777847318939 0.16758459783336588 0.24921788290693336
0 0.5644284754154434 0.2000490948226732 0.051220103577442555 0.06362255231039926
