0 0.7573113963918123 0.25645345020051347 0.09629406709922239 0.12345674915284416
0 0.17385220715795036 0.4370422574146362 0.12501645787585572 0.16612478594886815
0 0.35262814040123075 0.39055504201303615 0.10291871218541548 0.10804625146244878
0 0.45477155666872326 0.3802727229314263 0.0980699961275811 0.1363011385839863
0 0.8634836609256665 0.26490797675612165 0.11686896255747792 0.11692119463716155
0 0.6164858653866829 0.33860139128320915 0.09945510095976351 0.13422351613534667
0 0.2600504776781157 0.49750751640597835 0.11199076986323586 0.1278873645207248
1 0.3874858873040865 0.5980055438673965 0.2148663851761739 0.554374163657704
1 0.4812846519367786 0.5768292317413346 0.21143564370468176 0.5139077341535363
1 0.6512839141648281 0.5314944392088441 0.2291889275156752 0.5386678898137445
1 0.2784958873869936 0.6579180695870506 0.1759784209673576 0.47921321687618756
2 0.48868459661513053 0.6224382006529033 0.1647027066402717 0.35259917715913464
2 0.38820608427340786 0.6600742095362477 0.154737254392542 0.33744323599154064
2 0.6660249674018408 0.5856307269848722 0.1864609862378125 0.3686153351062252
1 0.18747015992527777 0.6742655352872766 0.26208916562004514 0.6514689294254468
1 0.782028712591264 0.5661364250118015 0.19562936155087018 0.7316225079593639
1 0.8858434365926494 0.5487577146280004 0.22429471716559157 0.6977470942383925
2 0.20039498942856673 0.7747229787233749 0.18389830617504616 0.45055404255325016
