0 0.8017544150352478 0.34112149477005005 0.08070170879364014 0.06542056798934937
0 0.19824561476707458 0.4672897160053253 0.0350877046585083 0.04672896862030029
0 0.4429824650287628 0.4672897160053253 0.03684210777282715 0.04205608367919922
0 0.569298267364502 0.4672897160053253 0.04385960102081299 0.05607473850250244
2 0.8035087585449219 0.4707943797111511 0.08421051502227783 0.11915886402130127
2 0.6166666746139526 0.4964953362941742 0.05087721347808838 0.0817757248878479
0 0.3684210479259491 0.5035047084093094 0.028070151805877686 0.04906544089317322
2 0.47280701994895935 0.5210280418395996 0.03333336114883423 0.05607473850250244
2 0.2438596487045288 0.5233644843101501 0.0736842155456543 0.05607473850250244
2 0.33245614171028137 0.5420560836791992 0.043859660625457764 0.07476639747619629
1 0.6114035248756409 0.5572429895401001 0.13157892227172852 0.25
1 0.7973684072494507 0.5642523169517517 0.2052631378173828 0.5257009267807007
1 0.4736842215061188 0.5677569955587387 0.10175436735153198 0.24766352772712708
1 0.22982456535100937 0.5759345889091492 0.10877193510532379 0.28738319873809814
1 0.34122806787490845 0.5957943797111511 0.12456142902374268 0.2757009267807007
