0 0.7197265625 0.1815519742667675 0.125 0.17276719957590103
0 0.2744140625 0.23645681142807007 0.1171875 0.16544657945632935
0 0.5185546875 0.2825768515467644 0.103515625 0.13469983637332916
0 0.84228515625 0.28550511598587036 0.1494140625 0.19326502084732056
1 0.66650390625 0.341142013669014 0.2392578125 0.4802342355251312
2 0.69091796875 0.45021961629390717 0.1748046875 0.26500728726387024
2 0.85595703125 0.49926792085170746 0.1962890625 0.2108345329761505
0 0.2392578125 0.5490482896566391 0.15625 0.16398242115974426
1 0.85009765625 0.5505124479532242 0.2041015625 0.6998536288738251
1 0.48095703125 0.57540263235569 0.1826171875 0.729136198759079
1 0.1826171875 0.732064425945282 0.28125 0.535871148109436
2 0.146484375 0.8418740630149841 0.19921875 0.31625187397003174
