0 0.39973884700305773 0.3090950229223638 0.0727333118820645 0.08858359642049002
0 0.5946854715852015 0.3520298994445993 0.07284861016363242 0.09933218461968912
0 0.2709671953186066 0.2925902928540751 0.09031471977061445 0.10376434167390561
0 0.6619221365271846 0.4001951207068346 0.09022066482933211 0.11209026957164908
2 0.5834583708785175 0.506252273838432 0.10048965610663929 0.24033792292775996
2 0.3843097263430574 0.4779222215447198 0.1103677770930172 0.20402932407142493
2 0.23231587754098204 0.4774167473103249 0.13824808725149618 0.28190816970207083
1 0.5680890320522164 0.5723229766401372 0.14466966323240382 0.5727338064545946
1 0.3707028338429865 0.5867807244659148 0.17975984736109457 0.6304958034325161
1 0.23116230339986893 0.5879701827488951 0.196798642002583 0.7147067199296886
1 0.6477726670991604 0.6648836981497916 0.15740817252812722 0.6702326037004166
