0 0.6905217493700893 0.41033203830694553 0.03425502285010351 0.048080241003086444
0 0.7274141116725703 0.4630385699987587 0.03767748484466682 0.05225970008865716
1 0.60983924158395 0.5066018671100047 0.08453352601404596 0.14810651026328664
1 0.692740687421973 0.48971266674839264 0.07806703005823978 0.19739240880582293
0 0.8118821568203902 0.4840326500821488 0.05260659404728074 0.06935489341552481
1 0.20908772740392279 0.6835961178804257 0.1337768339707178 0.33358940342944765
1 0.7446976840958175 0.5239361292918834 0.08345637820796625 0.2032164548188961
2 0.7406674495866683 0.5474003162329691 0.06041952037536602 0.12926227441980193
2 0.5136741150299049 0.6203700582569884 0.07976374387008756 0.14247106615955396
2 0.40335631240050496 0.6567214628911796 0.07472905768074628 0.14616880712238278
2 0.3096729943158866 0.6902344807256686 0.07164961977995099 0.12744979436700477
2 0.12484766997869605 0.7475920155906749 0.08090630793598116 0.16583065327962432
1 0.515848458969681 0.6324950767599922 0.12916343881075354 0.3175415514299663
1 0.3019346098137577 0.7053761041882189 0.12557263482498274 0.29971283539462157
1 0.41787331485483115 0.6773211242448127 0.11480569676777291 0.3121261491076689
1 0.12051950761852424 0.7967202573362423 0.13586380161027414 0.36037438917647524
1 0.6353506309656356 0.6494989826949862 0.15401155932454624 0.2958153083152295
1 0.7981189695898536 0.6077489163133208 0.1379934941958627 0.3097687240091916
