0 0.3007299304008484 0.4649350643157959 0.04379558563232422 0.04675322771072388
0 0.7204379439353943 0.4999999850988388 0.0335766077041626 0.054545432329177856
0 0.4883212149143219 0.5207791924476624 0.03357666730880737 0.028571486473083496
1 0.49124085903167725 0.5948051810264587 0.056934356689453125 0.17662334442138672
2 0.777372270822525 0.6116883158683777 0.08905106782913208 0.1792207956314087
2 0.28759121894836426 0.6428571343421936 0.06131386756896973 0.19480514526367188
1 0.7613138556480408 0.6805194616317749 0.12992703914642334 0.44155848026275635
1 0.3029196858406067 0.6922078132629395 0.11240875720977783 0.5220779180526733
0 0.5737226605415344 0.7194805145263672 0.029197096824645996 0.08311688899993896
2 0.470802903175354 0.7246752977371216 0.09781026840209961 0.11948049068450928
1 0.49854016304016113 0.8324675559997559 0.17956209182739258 0.3246753215789795
