0 0.8659557834273228 0.2012298957737867 0.031966325268202866 0.040518344033228515
0 0.3728693551146885 0.1507287054152628 0.03595603647905954 0.04315173828392824
0 0.1464091272441874 0.13314622378014518 0.040277963070554756 0.049927454934513615
2 0.20926810752460934 0.15496265850028001 0.041637514775770684 0.09515559441431637
1 0.8619959913177302 0.2650867100772626 0.07030924977705577 0.16998403887687674
1 0.2131767261133282 0.17858877016928076 0.07105270823887294 0.22637865779735725
2 0.854365988377287 0.2733948645768828 0.057347420294952545 0.10258246229174478
1 0.36937495349977756 0.21360616329516413 0.09102274578386449 0.18326348897940992
2 0.36273469040835893 0.228870493411905 0.06421269364973231 0.11280229325048713
2 0.15141179850959324 0.22032449586254174 0.05388675315376423 0.13482142069182196
1 0.136402914496295 0.25793354210385644 0.08865126938321023 0.31390603392561817
0 0.8429790357454061 0.38645349437454757 0.07548670633836319 0.08375898132255477
2 0.8412313758436948 0.5674640798352537 0.12760845047284652 0.25311538694755475
1 0.833183367512411 0.6485322046928658 0.21264649452050255 0.6350559046908837
0 0.5972786919227346 0.09256876414424191 0.02661316656454127 0.0397311863929844
