0 0.289814829826355 0.33388158679008484 0.07592594623565674 0.10855263471603394
1 0.699999988079071 0.4769736975431442 0.13333332538604736 0.46710529923439026
1 0.29814815521240234 0.5131579041481018 0.14444446563720703 0.4934210777282715
1 0.8888888955116272 0.5213815718889236 0.19259262084960938 0.8848684728145599
2 0.2916666865348816 0.5756579041481018 0.1351851224899292 0.3026316165924072
2 0.7120370268821716 0.5773026496171951 0.14259254932403564 0.3256579339504242
2 0.5407407283782959 0.5904605388641357 0.13703703880310059 0.3388158082962036
1 0.1379629373550415 0.59375 0.2648148536682129 0.7861841917037964
1 0.5351851880550385 0.6200658082962036 0.17037039995193481 0.6809210777282715
1 0.3787037134170532 0.625 0.13148152828216553 0.7236841917037964
2 0.8898148238658905 0.6875 0.220370352268219 0.625
2 0.11481481790542603 0.7582237124443054 0.22592592239379883 0.4375
0 0.8861111104488373 0.17927632480859756 0.19074076414108276 0.1940789669752121
0 0.13518518209457397 0.2615131512284279 0.21481478214263916 0.25986842811107635
0 0.3898147940635681 0.29769736528396606 0.057407379150390625 0.08223682641983032
0 0.7120370268821716 0.3075657784938812 0.06851851940155029 0.09539473056793213
0 0.5351851880550385 0.32730263471603394 0.07777780294418335 0.11513155698776245
