1 0.7992446166051186 0.5687689554479964 0.2610660566224924 0.7779964585539928
1 0.6470247221008404 0.5311984308247264 0.2357499387144828 0.6832187454399113
2 0.7810008387297308 0.581074395324456 0.19316751853854242 0.39903111060299157
1 0.3416335444872255 0.44188468133135983 0.23843363015060104 0.6145885483730984
1 0.16536466530028715 0.40044678974003006 0.2852120080653424 0.8008935794800601
1 0.4927316857745788 0.500622735455858 0.2475555314477415 0.6260144542639954
2 0.17812099476389695 0.41127256602748463 0.19258177471796062 0.4322108811601495
2 0.6594645882050766 0.6123524852229182 0.21399680238874064 0.4144119205450006
0 0.48602038743632325 0.12129234863765215 0.09619452303571197 0.1103769648708695
0 0.23592203523236904 0.047373162073868554 0.10721920154296885 0.09474632414773711
0 0.820850948514213 0.2467146849238792 0.0916093581388916 0.09213918856192291
0 0.6750462479615789 0.26209938728844323 0.09248734889227328 0.09799875309756703
0 0.3708259577305294 0.18549343963910755 0.09117036494052427 0.089209420831871
0 0.5302656249290535 0.25012745642760154 0.0896581589672456 0.0914800622465983
