0 0.6377295553684235 0.34749454259872437 0.06010013818740845 0.05446624755859375
0 0.7437395453453064 0.3507625162601471 0.06176960468292236 0.07407408952713013
0 0.47078466415405273 0.3660130798816681 0.05676126480102539 0.06535947322845459
0 0.6018363833427429 0.3965141475200653 0.06176960468292236 0.06535947322845459
0 0.3564273715019226 0.4019607901573181 0.05843067169189453 0.06318080425262451
0 0.2846410870552063 0.4161219894886017 0.0651085376739502 0.06535947322845459
0 0.19866442680358887 0.41830065846443176 0.06010019779205322 0.06535947322845459
0 0.7086811065673828 0.4193899929523468 0.0651085376739502 0.06318080425262451
0 0.5 0.42592594027519226 0.06176960468292236 0.06753814220428467
0 0.8105175197124481 0.429193913936615 0.06844741106033325 0.06535947322845459
0 0.4023372530937195 0.43572986125946045 0.06010019779205322 0.06100219488143921
2 0.5993322134017944 0.5675381422042847 0.08681130409240723 0.18518519401550293
2 0.2779632806777954 0.5871459990739822 0.0918196439743042 0.1895425021648407
2 0.7078464031219482 0.5882353186607361 0.09015023708343506 0.18300652503967285
2 0.40066778659820557 0.5915032625198364 0.08013355731964111 0.16775596141815186
2 0.8055091798305511 0.6122004389762878 0.08180302381515503 0.20043575763702393
1 0.16611015796661377 0.6633986681699753 0.12186980247497559 0.5599128305912018
1 0.6001669466495514 0.6677560210227966 0.10517531633377075 0.6034858226776123
1 0.49582639336586 0.6677560359239578 0.11018365621566772 0.5468409955501556
1 0.27712857723236084 0.6677560210227966 0.10350584983825684 0.5642701387405396
1 0.3898163437843323 0.6742919683456421 0.09515857696533203 0.529411792755127
1 0.7111853063106537 0.6895424574613571 0.10684472322463989 0.6122004091739655
1 0.8288814723491669 0.6938998252153397 0.12520867586135864 0.5991285741329193
