1 0.133 0.30389221556886226 0.086 0.38023952095808383
2 0.802 0.3083832335329341 0.084 0.19161676646706588
1 0.657 0.3203592814371258 0.094 0.3772455089820359
1 0.913 0.33682634730538924 0.106 0.5059880239520959
2 0.464 0.34880239520958084 0.136 0.3323353293413174
1 0.806 0.3652694610778443 0.12 0.49101796407185627
1 0.482 0.48353293413173654 0.2 0.9191616766467066
0 0.476 0.0718562874251497 0.08 0.08383233532934131
0 0.898 0.11077844311377245 0.052 0.0658682634730539
0 0.129 0.14221556886227546 0.038 0.05089820359281437
0 0.802 0.15568862275449102 0.052 0.0658682634730539
0 0.657 0.16167664670658682 0.046 0.04790419161676647
0 0.071 0.1631736526946108 0.022 0.03293413173652695
0 0.334 0.16467065868263472 0.032 0.03592814371257485
0 0.222 0.1661676646706587 0.028 0.03293413173652695
0 0.282 0.1691616766467066 0.024 0.02694610778443114
2 0.224 0.2275449101796407 0.044 0.08982035928143713
1 0.188 0.23353293413173654 0.024 0.15568862275449102
2 0.289 0.23652694610778444 0.038 0.08982035928143713
1 0.228 0.2559880239520958 0.048 0.20658682634730538
1 0.286 0.2559880239520958 0.052 0.2125748502994012
2 0.344 0.2559880239520958 0.052 0.12874251497005987
1 0.072 0.2559880239520958 0.028 0.23053892215568864
2 0.907 0.25898203592814373 0.09 0.20059880239520958
2 0.661 0.27994011976047906 0.062 0.16467065868263472
1 0.346 0.2874251497005988 0.08 0.2874251497005988
