0 0.693 0.36133333333333334 0.094 0.2
0 0.349 0.37733333333333335 0.074 0.104
0 0.275 0.43333333333333335 0.106 0.184
0 0.953 0.6573333333333333 0.09 0.22666666666666666
0 0.873 0.6613333333333333 0.114 0.272
0 0.761 0.6093333333333333 0.126 0.22666666666666666
0 0.663 0.6173333333333333 0.11 0.232
0 0.459 0.3973333333333333 0.058 0.10666666666666667
0 0.56 0.372 0.1 0.152
0 0.431 0.4613333333333333 0.058 0.10133333333333333
0 0.503 0.548 0.126 0.248
0 0.38 0.6 0.12 0.24533333333333332
0 0.316 0.6306666666666667 0.036 0.216
0 0.251 0.5786666666666667 0.118 0.22933333333333333
0 0.153 0.588 0.134 0.21066666666666667
0 0.043 0.6013333333333334 0.086 0.23733333333333334
0 0.624 0.46 0.088 0.184