0 0.595625 0.22795497185741087 0.03625 0.05065666041275797
2 0.598125 0.350844277673546 0.06625 0.1350844277673546
0 0.73375 0.3799249530956848 0.0475 0.06566604127579738
1 0.594375 0.38461538461538464 0.06875 0.38649155722326456
1 0.728125 0.5206378986866792 0.09125 0.30956848030018763
0 0.421875 0.5450281425891182 0.06125 0.07317073170731707
0 0.24125 0.6210131332082551 0.07 0.0975609756097561
0 0.495 0.6275797373358349 0.0675 0.08818011257035648
0 0.6525 0.6303939962476548 0.0575 0.09380863039399624
0 0.839375 0.6594746716697936 0.06375 0.08818011257035648
0 0.816875 0.7598499061913696 0.07125 0.1050656660412758
1 0.6375 0.7833020637898687 0.1275 0.39587242026266417
0 0.12625 0.8761726078799249 0.0825 0.10881801125703565
0 0.360625 0.9418386491557224 0.08125 0.11632270168855535